	Locus	prob	log10(PO)	qval	alpha	fst
1	cgpGmo-S1075	0.00660132	-2.17749	0.838573	0.0011681	0.016711
2	cgpGmo-S49	0.039608	-1.3847	0.41879	0.035968	0.017626
3	cgpGmo-S1231	0.13663	-0.80066	0.12597	-0.25037	0.014872
4	cgpGmo-S638a	0.0094019	-2.0227	0.78829	-0.0075093	0.016608
5	cgpGmo-S1341	0.026205	-1.5701	0.54653	-0.029985	0.016414
6	cgpGmo-S2134	0.015803	-1.7943	0.69046	0.011087	0.017012
7	cgpGmo-S205	0.010202	-1.9869	0.77278	-0.0060412	0.01663
8	Gm370_0380	0.016003	-1.7888	0.68722	-0.01353	0.01655
9	cgpGmo-S120	0.0038008	-2.4185	0.87267	-0.00071691	0.016673
10	cgpGmo-S119b	0.94659	1.2485	0.0032446	1.2024	0.053902
11	cgpGmo-S807	0.004801	-2.3166	0.86756	0.00064841	0.016701
12	cgpGmo-S241	0.0060012	-2.2191	0.85079	-0.0013567	0.016675
13	cgpGmo-S717	0.012002	-1.9155	0.75379	-0.010774	0.016577
14	cgpGmo-S955	0.015803	-1.7943	0.69046	-0.014106	0.016555
15	cgpGmo-S1843	0.0060012	-2.2191	0.85079	-0.0031086	0.016648
16	cgpGmo-S1045	0.0064013	-2.1909	0.84273	0.001797	0.016728
17	Gm392_1244	0.005001	-2.2988	0.86553	0.00018652	0.016686
18	cgpGmo-S945a	0.0086017	-2.0617	0.80339	-0.005661	0.016625
19	cgpGmo-S2095	1	1000	0	3.0844	0.2178
20	cgpGmo-S603	1	1000	0	2.113	0.11016
21	cgpGmo-S479	0.85037	0.75459	0.0081912	1.1416	0.053376
22	cgpGmo-S1435	0.25985	-0.45459	0.077692	0.29304	0.025018
23	cgpGmo-S741	0.0092018	-2.0321	0.79264	-0.0035197	0.016675
24	cgpGmo-S1742	0.0094019	-2.0227	0.78829	0.0042327	0.016784
25	cgpGmo-S1520	0.005201	-2.2816	0.86313	-0.0023711	0.01665
26	cgpGmo-S331a	0.0076015	-2.1158	0.81972	0.0011014	0.016709
27	cgpGmo-S162	0.069814	-1.1246	0.23735	-0.10477	0.015857
28	Gm0927_0134	0.0066013	-2.1775	0.83857	-0.0035679	0.016647
29	cgpGmo-S2136	0.0076015	-2.1158	0.81972	-0.00096361	0.016695
30	cgpGmo-S2130	0.010002	-1.9955	0.7749	0.0064698	0.016852
31	cgpGmo-S2220	0.010402	-1.9783	0.76975	-0.0048916	0.016634
32	cgpGmo-S1947	0.0078016	-2.1044	0.81478	-0.0016938	0.01667
33	cgpGmo-S1710	0.014403	-1.8353	0.72006	-0.011628	0.016564
34	cgpGmo-S953	0.012803	-1.8871	0.74333	-0.0061913	0.016615
35	cgpGmo-S1294	0.44369	-0.098239	0.056296	0.52527	0.032139
36	cgpGmo-S839	0.0062012	-2.2048	0.84648	-0.001354	0.016661
37	cgpGmo-S376	0.015203	-1.8114	0.70052	-0.014244	0.016544
38	cgpGmo-S124	0.064213	-1.1636	0.26138	0.071985	0.018821
39	cgpGmo-S264	0.015003	-1.8173	0.70421	0.010195	0.016953
40	cgpGmo-S352	1	1000	0	1.5607	0.07144
41	cgpGmo-S228	0.0094019	-2.0227	0.78829	-0.0069043	0.016606
42	cgpGmo-S387a	0.0068014	-2.1644	0.83597	-0.0028964	0.016648
43	cgpGmo-S730	0.038408	-1.3986	0.43826	-0.048974	0.016272
44	cgpGmo-S1757	0.015403	-1.8057	0.69825	0.012345	0.017022
45	cgpGmo-S425	0.021404	-1.6601	0.61816	-0.02515	0.016462
46	cgpGmo-S866	0.0072014	-2.1394	0.8286	-0.0011279	0.016681
47	cgpGmo-S894	0.0086017	-2.0617	0.80339	-0.0047589	0.016633
48	cgpGmo-S635	0.032607	-1.4723	0.48498	-0.036699	0.01637
49	cgpGmo-S1832	0.005001	-2.2988	0.86553	-9.85E-05	0.016682
50	cgpGmo-S363	0.0088018	-2.0516	0.80048	0.0055728	0.016811
51	cgpGmo-S1658	0.0058012	-2.234	0.85399	0.0011181	0.016701
52	cgpGmo-S965	0.0068014	-2.1644	0.83597	-0.0036103	0.016643
53	cgpGmo-S2097	0.0084017	-2.072	0.80621	0.0032362	0.016753
54	cgpGmo-S698	0.012002	-1.9155	0.75379	-0.010011	0.016581
55	cgpGmo-S1693	0.0080016	-2.0933	0.81133	-0.003096	0.016656
56	cgpGmo-S2069	0.0046009	-2.3352	0.8694	0.0018176	0.016719
57	cgpGmo-S1652	0.0088018	-2.0516	0.80048	-0.0060566	0.016633
58	cgpGmo-S1672	1	1000	0	1.7221	0.081361
59	cgpGmo-S586	0.47289	-0.047133	0.042144	0.52303	0.031402
60	cgpGmo-S762	0.0060012	-2.2191	0.85079	0.0014649	0.01672
61	cgpGmo-S748	0.0092018	-2.0321	0.79264	0.0044646	0.016796
62	cgpGmo-S256	0.005201	-2.2816	0.86313	0.00062501	0.016698
63	cgpGmo-S872b	0.039008	-1.3916	0.43008	-0.049033	0.01627
64	cgpGmo-S1988	1	1000	0	2.1957	0.11708
65	cgpGmo-S1941	0.0054011	-2.2652	0.86	-0.0027128	0.01665
66	cgpGmo-S1235	0.019604	-1.6991	0.64225	-0.019135	0.016501
67	cgpGmo-S1456	0.020204	-1.6857	0.63569	0.015734	0.017071
68	cgpGmo-S1461b	0.0060012	-2.2191	0.85079	-0.0011705	0.016671
69	cgpGmo-S1538b	1	1000	0	1.3701	0.060352
70	cgpGmo-S624	0.0054011	-2.2652	0.86	-4.05E-05	0.016686
71	cgpGmo-S652	0.013203	-1.8736	0.73369	-0.01165	0.016565
72	cgpGmo-S472	0.0076015	-2.1158	0.81972	0.00017732	0.016703
73	cgpGmo-S441	0.016003	-1.7888	0.68722	-0.014525	0.016549
74	cgpGmo-S1785	0.0064013	-2.1909	0.84273	-0.0037419	0.016644
75	cgpGmo-S1997	0.013203	-1.8736	0.73369	-0.012034	0.016564
76	cgpGmo-S1365b	1	1000	0	1.5187	0.069025
77	cgpGmo-S549	0.0064013	-2.1909	0.84273	-0.004851	0.016631
78	cgpGmo-S2132	0.0072014	-2.1394	0.8286	-0.0026712	0.016655
79	cgpGmo-S2179	0.0054011	-2.2652	0.86	0.0018853	0.016722
80	cgpGmo-S1056	0.0076015	-2.1158	0.81972	0.0028443	0.016755
81	cgpGmo-S1723	0.027405	-1.5501	0.53212	-0.032213	0.0164
82	cgpGmo-S9b	0.010402	-1.9783	0.76975	-0.0062545	0.016625
83	cgpGmo-S1982	0.014403	-1.8353	0.72006	0.0081256	0.016872
84	Gm1152_0344	0.069614	-1.126	0.24227	0.072194	0.018706
85	cgpGmo-S792	0.9858	1.8414	0.0014141	1.3069	0.058136
86	cgpGmo-S2209	0.024405	-1.6018	0.57122	-0.026394	0.016454
87	cgpGmo-S532	0.0056011	-2.2493	0.85672	-0.0010837	0.016674
88	cgpGmo-S1718	0.018204	-1.7319	0.66248	0.013126	0.017004
89	cgpGmo-S718a	0.013003	-1.8803	0.73774	-0.010816	0.016575
90	cgpGmo-S449b	0.029406	-1.5186	0.5107	-0.034817	0.016374
91	cgpGmo-S242	0.0088018	-2.0516	0.80048	-0.0069379	0.016615
92	cgpGmo-S207	1	1000	0	1.8241	0.088313
93	cgpGmo-S153a	0.0084017	-2.072	0.80621	-0.0038532	0.016639
94	cgpGmo-S681b	0.0038008	-2.4185	0.87267	0.00048289	0.016696
95	cgpGmo-S942	0.0044009	-2.3545	0.87009	-0.00084697	0.016671
96	cgpGmo-S173	0.017003	-1.762	0.67708	-0.018621	0.016509
97	cgpGmo-S2072	0.011802	-1.9229	0.75677	-0.006242	0.016617
98	cgpGmo-S909	0.013803	-1.854	0.72518	-0.011974	0.016566
99	cgpGmo-S643b	0.0086017	-2.0617	0.80339	-0.0055495	0.016634
100	cgpGmo-S250	0.0056011	-2.2493	0.85672	-0.0017147	0.016663
101	Gm159_0228	0.013203	-1.8736	0.73369	-0.0095735	0.016591
102	cgpGmo-S2155	0.021004	-1.6685	0.62537	0.015794	0.017077
103	cgpGmo-S1028	0.004801	-2.3166	0.86756	-0.00025546	0.016678
104	cgpGmo-S1424b	0.0046009	-2.3352	0.8694	-0.00070067	0.016676
105	cgpGmo-S83	1	1000	0	1.6791	0.078391
106	Gm1007_0192	0.014603	-1.8292	0.71407	-0.010229	0.016586
107	cgpGmo-S1258a	0.019004	-1.7128	0.65267	0.012554	0.016993
108	cgpGmo-S1315	0.0066013	-2.1775	0.83857	0.00080277	0.016706
109	cgpGmo-S1495	0.025605	-1.5804	0.56005	0.02465	0.017376
110	cgpGmo-S596	0.0072014	-2.1394	0.8286	-0.0019761	0.016661
111	cgpGmo-S1540	0.047409	-1.303	0.36187	-0.066272	0.01615
112	cgpGmo-S997b	0.019804	-1.6946	0.639	-0.020523	0.01649
113	cgpGmo-S1308	0.012603	-1.894	0.74495	-0.010233	0.016585
114	cgpGmo-S501	0.023405	-1.6204	0.59192	0.018252	0.017155
115	cgpGmo-S1332	0.027405	-1.5501	0.53212	-0.031283	0.016398
116	cgpGmo-S1617	0.009802	-2.0044	0.77982	0.0064997	0.016837
117	cgpGmo-S2082	1	1000	0	2.8188	0.18283
118	cgpGmo-S1393a	0.0088018	-2.0516	0.80048	-0.0067438	0.016612
119	Metallo_1	0.0094019	-2.0227	0.78829	0.0041348	0.016785
120	cgpGmo-S2158	1	1000	0	1.4712	0.066291
121	cgpGmo-S985	1	1000	0	2.0457	0.1043
122	Gm240_0209	1	1000	0	2.8583	0.18768
123	cgpGmo-S1225	0.035807	-1.4302	0.46386	-0.046508	0.016283
124	cgpGmo-S285	0.0056011	-2.2493	0.85672	0.0011132	0.016706
125	cgpGmo-S1804	0.0058012	-2.234	0.85399	-0.0038467	0.016644
126	cgpGmo-S2106	0.0096019	-2.0135	0.78298	-0.0064639	0.016619
127	cgpGmo-S780	0.037808	-1.4057	0.44358	-0.047075	0.016273
128	cgpGmo-S365b	0.044809	-1.3287	0.38849	-0.060232	0.016183
129	cgpGmo-S1491c	0.012402	-1.9011	0.74867	-0.0091863	0.016598
130	cgpGmo-S646	0.074815	-1.0922	0.22733	0.073907	0.018699
131	cgpGmo-S2089	0.011202	-1.9458	0.76203	-0.0097848	0.016588
132	cgpGmo-S1316	0.014603	-1.8292	0.71407	0.010787	0.016952
133	cgpGmo-S107	0.0076015	-2.1158	0.81972	0.0022776	0.01674
134	cgpGmo-S1426	0.010602	-1.97	0.76753	-0.0058232	0.016624
135	cgpGmo-S1940	0.017003	-1.762	0.67708	-0.018432	0.01652
136	cgpGmo-S921	0.009802	-2.0044	0.77982	-0.0048076	0.016629
137	cgpGmo-S1090	0.016203	-1.7833	0.68223	0.0095689	0.016918
138	Gm0545_0279	0.027405	-1.5501	0.53212	-0.031067	0.016401
139	Gm_adcyap1b_2_1	0.0054011	-2.2652	0.86	-4.20E-05	0.016689
140	cgpGmo-S2047	0.031606	-1.4863	0.49165	0.031578	0.017594
141	cgpGmo-S687	0.035007	-1.4404	0.47109	-0.038424	0.016335
142	cgpGmo-S954	0.017403	-1.7517	0.67176	-0.016347	0.016546
143	cgpGmo-S644	0.0094019	-2.0227	0.78829	0.00072927	0.016705
144	cgpGmo-S2028	0.0042008	-2.3748	0.87078	0.00066027	0.016692
145	cgpGmo-S937	0.0078016	-2.1044	0.81478	0.00025562	0.016713
146	cgpGmo-S154	0.0078016	-2.1044	0.81478	0.0027211	0.016746
147	cgpGmo-S22b	0.023805	-1.6129	0.58331	-0.022544	0.016466
148	cgpGmo-S110	0.9912	2.0516	0.00082456	1.4082	0.063521
149	cgpGmo-S991a	0.0060012	-2.2191	0.85079	-0.0041593	0.016658
150	cgpGmo-S1906	0.94799	1.2607	0.0026872	1.1775	0.052489
151	cgpGmo-S542	0.0046009	-2.3352	0.8694	-0.00083944	0.016673
152	cgpGmo-S213	0.0040008	-2.3961	0.872	0.00056973	0.016694
153	cgpGmo-S226	0.010602	-1.97	0.76753	-0.0068273	0.016612
154	cgpGmo-S543	0.0082016	-2.0825	0.80925	-0.0021564	0.016665
155	cgpGmo-S272	0.0090018	-2.0417	0.79612	0.0047697	0.016788
156	cgpGmo-S413	0.020804	-1.6727	0.62888	-0.019865	0.016498
157	cgpGmo-S1042a	0.013403	-1.8669	0.73131	-0.013426	0.016564
158	Gm1271_0123	0.0088018	-2.0516	0.80048	-0.0058898	0.016625
159	cgpGmo-S1970	0.018404	-1.727	0.65863	-0.01828	0.016505
160	cgpGmo-S459	0.0084017	-2.072	0.80621	-0.0058382	0.016632
161	cgpGmo-S615	0.014403	-1.8353	0.72006	-0.012776	0.016566
162	cgpGmo-S393	0.0068014	-2.1644	0.83597	0.0031718	0.016753
163	cgpGmo-S481	0.010402	-1.9783	0.76975	0.0065376	0.016881
164	cgpGmo-S633	0.0094019	-2.0227	0.78829	-0.0051385	0.016637
165	cgpGmo-S550	0.0090018	-2.0417	0.79612	-0.0052563	0.016627
166	cgpGmo-S958	0.0066013	-2.1775	0.83857	-0.0033777	0.016642
167	cgpGmo-S2183	0.005201	-2.2816	0.86313	-0.00034496	0.016679
168	cgpGmo-S1805	0.0058012	-2.234	0.85399	0.00048566	0.016702
169	cgpGmo-S430a	0.017003	-1.762	0.67708	0.014109	0.017061
170	Gm1386_0216	0.009802	-2.0044	0.77982	0.0051488	0.016804
171	cgpGmo-S1466b	0.017003	-1.762	0.67708	0.014831	0.017081
172	cgpGmo-S1103	0.0064013	-2.1909	0.84273	0.0034762	0.016768
173	cgpGmo-S1802	0.005201	-2.2816	0.86313	-0.0030222	0.016645
174	cgpGmo-S311b	0.012803	-1.8871	0.74333	-0.010374	0.016578
175	Gm335_0159	1	1000	0	1.6531	0.076929
176	cgpGmo-S594	0.0076015	-2.1158	0.81972	-0.0045431	0.016631
177	cgpGmo-S628	0.013403	-1.8669	0.73131	0.010183	0.016958
178	cgpGmo-S322	0.34307	-0.28214	0.071724	0.4462	0.030661
179	cgpGmo-S765	0.015003	-1.8173	0.70421	-0.011901	0.016556
180	cgpGmo-S1706	0.9984	2.7951	0.00021147	1.3176	0.05816
181	cgpGmo-S609	0.0096019	-2.0135	0.78298	-0.0039208	0.016635
182	cgpGmo-S968	1	1000	0	1.6164	0.074492
183	cgpGmo-S517b	0.0074015	-2.1275	0.82415	-0.0037851	0.016643
184	cgpGmo-S398	0.012803	-1.8871	0.74333	-0.010176	0.016585
185	cgpGmo-S756a	0.086817	-1.022	0.20133	0.08716	0.019048
186	Gm394_0364	1	1000	0	2.7073	0.16944
187	cgpGmo-S666	0.0060012	-2.2191	0.85079	0.0010545	0.016704
188	cgpGmo-S1784	0.032006	-1.4806	0.48945	-0.036973	0.016361
189	cgpGmo-S1013	0.0068014	-2.1644	0.83597	-0.0017806	0.016664
190	cgpGmo-S23	0.029606	-1.5156	0.50866	0.030529	0.017586
191	cgpGmo-S2031	0.039008	-1.3916	0.43008	0.044499	0.018035
192	cgpGmo-S692a	0.060612	-1.1903	0.28395	-0.092329	0.015955
193	cgpGmo-S1979	0.012202	-1.9082	0.75126	-0.010664	0.016585
194	cgpGmo-S742b	0.005001	-2.2988	0.86553	-0.00094786	0.016671
195	cgpGmo-S838a	0.0072014	-2.1394	0.8286	-0.0034554	0.016645
196	Gm0986_0591	0.0090018	-2.0417	0.79612	-0.0050467	0.016621
197	cgpGmo-S608	0.0074015	-2.1275	0.82415	-0.003995	0.016635
198	cgpGmo-S1752	0.013403	-1.8669	0.73131	-0.011611	0.016567
199	cgpGmo-S220	0.014603	-1.8292	0.71407	-0.013574	0.016551
200	cgpGmo-S1166	1	1000	0	3.0318	0.21047
201	cgpGmo-S2137	0.0070014	-2.1518	0.83144	0.001672	0.016723
202	cgpGmo-S1890	0.014803	-1.8232	0.70923	-0.012689	0.016558
203	cgpGmo-S361	0.015603	-1.8	0.69441	-0.013138	0.016555
204	cgpGmo-S590	0.039408	-1.387	0.42449	-0.051053	0.01625
205	cgpGmo-S487	0.0036007	-2.442	0.87346	0.0018441	0.016725
206	cgpGmo-S167	0.020404	-1.6813	0.63344	-0.023757	0.016473
207	cgpGmo-S447	0.0092018	-2.0321	0.79264	-0.0067974	0.016612
208	cgpGmo-S925	0.012402	-1.9011	0.74867	0.0082786	0.016897
209	cgpGmo-S2232	0.0080016	-2.0933	0.81133	-0.0033979	0.016643
210	cgpGmo-S2058	0.0078016	-2.1044	0.81478	0.00090775	0.016717
211	cgpGmo-S1696	0.022404	-1.6398	0.60548	-0.02224	0.016468
212	cgpGmo-S793a	0.012803	-1.8871	0.74333	-0.01193	0.016571
213	cgpGmo-S463b	0.012803	-1.8871	0.74333	0.0086727	0.016925
214	cgpGmo-S46b	0.014603	-1.8292	0.71407	0.010233	0.016989
215	cgpGmo-S1830	0.9996	3.3977	3.45E-05	1.3098	0.057673
216	cgpGmo-S2019	0.0092018	-2.0321	0.79264	-0.0029625	0.016659
217	cgpGmo-S1390a	0.0076015	-2.1158	0.81972	0.0034012	0.016761
218	cgpGmo-S1644	0.021404	-1.6601	0.61816	0.015446	0.017059
219	cgpGmo-S1039b	0.9996	3.3977	3.45E-05	1.4115	0.063086
220	cgpGmo-S453	0.0058012	-2.234	0.85399	0.0011769	0.016707
221	cgpGmo-S2266	0.0088018	-2.0516	0.80048	-0.0041882	0.016638
222	cgpGmo-S1279	0.015403	-1.8057	0.69825	-0.014704	0.016548
223	cgpGmo-S1821	0.04781	-1.2992	0.35484	-0.070483	0.01613
224	cgpGmo-S2005	0.012202	-1.9082	0.75126	-0.010506	0.016578
225	cgpGmo-S1588a	0.004801	-2.3166	0.86756	-0.00089405	0.01667
226	cgpGmo-S2093	0.0054011	-2.2652	0.86	0.0007373	0.016699
227	cgpGmo-S341	0.036607	-1.4202	0.45643	-0.043924	0.016295
228	cgpGmo-S2018	0.027806	-1.5436	0.52263	-0.029578	0.016418
229	cgpGmo-S1504	0.018404	-1.727	0.65863	0.013936	0.017037
230	cgpGmo-S1035	0.0054011	-2.2652	0.86	0.00098935	0.016704
231	cgpGmo-S1360a	0.0078016	-2.1044	0.81478	-0.0048612	0.016634
232	cgpGmo-S191	0.014003	-1.8477	0.72455	-0.011987	0.01657
233	cgpGmo-S297	0.0060012	-2.2191	0.85079	-0.0030402	0.016648
234	cgpGmo-S537	0.0072014	-2.1394	0.8286	-0.0036507	0.016645
235	cgpGmo-S982a	0.0068014	-2.1644	0.83597	0.002992	0.016755
236	cgpGmo-S403	0.54731	0.082432	0.02897	0.67666	0.037087
237	Gm0974_0477	0.012002	-1.9155	0.75379	-0.0079127	0.016603
238	cgpGmo-S1039a	0.999	2.9995	0.00011387	1.3192	0.058195
239	cgpGmo-S505	0.0088018	-2.0516	0.80048	-0.0043511	0.016635
240	cgpGmo-S1868	0.0060012	-2.2191	0.85079	0.0021993	0.016736
241	cgpGmo-S951b	0.9922	2.1044	0.00072607	1.2967	0.057346
242	cgpGmo-S287a	0.36647	-0.23772	0.066404	0.44082	0.029734
243	cgpGmo-S493	0.090618	-1.0015	0.19046	0.11358	0.020241
244	cgpGmo-S848	0.010802	-1.9618	0.76573	-0.005285	0.016625
245	cgpGmo-S728	0.0066013	-2.1775	0.83857	0.0010105	0.016714
246	cgpGmo-S371	0.012002	-1.9155	0.75379	-0.0094801	0.016599
247	cgpGmo-S121	0.0054011	-2.2652	0.86	-0.00026666	0.01668
248	cgpGmo-S1803	0.011402	-1.938	0.76062	0.006984	0.016855
249	cgpGmo-S1721	0.023405	-1.6204	0.59192	-0.02495	0.016459
250	cgpGmo-S1179	0.0074015	-2.1275	0.82415	-0.0023853	0.016661
251	cgpGmo-S1647	0.0072014	-2.1394	0.8286	0.0027005	0.016741
252	cgpGmo-S2201	0.0070014	-2.1518	0.83144	-0.0022647	0.016658
253	cgpGmo-S1408	0.013003	-1.8803	0.73774	-0.0085215	0.016603
254	cgpGmo-S478	0.0046009	-2.3352	0.8694	0.0010843	0.016713
255	cgpGmo-S640b	0.0088018	-2.0516	0.80048	-0.0044984	0.016633
256	cgpGmo-S2180	0.0090018	-2.0417	0.79612	-0.0077858	0.016601
257	cgpGmo-S1634	0.010602	-1.97	0.76753	-0.0068717	0.016609
258	cgpGmo-S1692	0.997	2.5215	0.00040534	1.3292	0.059029
259	cgpGmo-S888	1	1000	0	1.8246	0.088027
260	cgpGmo-S438	0.005201	-2.2816	0.86313	0.00013718	0.016687
261	cgpGmo-S318	0.010202	-1.9869	0.77278	0.0066821	0.016837
262	cgpGmo-S1123	0.005201	-2.2816	0.86313	0.00027161	0.01669
263	cgpGmo-S2169	0.064813	-1.1592	0.2567	0.070018	0.018692
264	cgpGmo-S1073	0.024005	-1.6091	0.57584	-0.027665	0.016437
265	Gm0411_0388	0.5187	0.032507	0.037481	0.60546	0.034305
266	cgpGmo-S896	0.010002	-1.9955	0.7749	-0.0072537	0.016602
267	Gm1001_0189	0.014403	-1.8353	0.72006	-0.011011	0.016572
268	cgpGmo-S863	0.030006	-1.5096	0.50242	-0.039315	0.016353
269	cgpGmo-S1720	0.0074015	-2.1275	0.82415	-0.0047989	0.016635
270	cgpGmo-S2205	0.032406	-1.4751	0.48722	-0.04476	0.016308
271	Gm0236_0048	0.017804	-1.7417	0.66626	-0.019211	0.016511
272	cgpGmo-S282	0.45369	-0.080679	0.0469	0.53801	0.032554
273	cgpGmo-S1714	0.037808	-1.4057	0.44358	0.039493	0.017902
274	cgpGmo-S1046	0.015403	-1.8057	0.69825	-0.013695	0.016548
275	cgpGmo-S856a	0.022404	-1.6398	0.60548	-0.027026	0.016456
276	cgpGmo-S1263	0.015003	-1.8173	0.70421	-0.012427	0.016559
277	cgpGmo-S2048	0.019204	-1.7082	0.64961	-0.020873	0.016504
278	cgpGmo-S557	0.015003	-1.8173	0.70421	-0.01284	0.016566
279	Myo_1	0.0064013	-2.1909	0.84273	-0.0019276	0.016662
280	cgpGmo-S1066	0.023605	-1.6166	0.58909	-0.026573	0.016439
281	cgpGmo-S1927	0.0072014	-2.1394	0.8286	-0.0038054	0.016641
282	cgpGmo-S1018b	0.18044	-0.65726	0.10747	0.19701	0.022223
283	cgpGmo-S1914	0.013203	-1.8736	0.73369	-0.011476	0.01657
284	cgpGmo-S1027	0.018404	-1.727	0.65863	-0.017195	0.016512
285	cgpGmo-S1879	0.0072014	-2.1394	0.8286	-0.001566	0.016678
286	cgpGmo-S143	0.014003	-1.8477	0.72455	0.0091282	0.016904
287	cgpGmo-S40	0.005001	-2.2988	0.86553	0.00025759	0.01669
288	cgpGmo-S1202	1	1000	0	1.6038	0.073311
289	Gm332_1080	0.042208	-1.3559	0.40703	-0.056329	0.016214
290	cgpGmo-S516	0.0040008	-2.3961	0.872	2.79E-05	0.01668
291	cgpGmo-S1837	0.0058012	-2.234	0.85399	-0.0028576	0.016646
292	cgpGmo-S2242	1	1000	0	1.6223	0.074493
293	cgpGmo-S667	0.0038008	-2.4185	0.87267	-4.68E-05	0.01668
294	cgpGmo-S1078	0.0036007	-2.442	0.87346	-0.00145	0.016663
295	cgpGmo-S1024	0.0064013	-2.1909	0.84273	-0.000697	0.016681
296	cgpGmo-S2215	0.011602	-1.9304	0.75919	0.0076866	0.016873
297	cgpGmo-S126a	0.015403	-1.8057	0.69825	-0.014801	0.016544
298	cgpGmo-S234	0.0068014	-2.1644	0.83597	-0.0028059	0.016652
299	cgpGmo-S329	0.005001	-2.2988	0.86553	-0.0010982	0.016675
300	cgpGmo-S2285	0.019004	-1.7128	0.65267	-0.01864	0.016516
301	cgpGmo-S2126	0.0090018	-2.0417	0.79612	0.0048601	0.01679
302	cgpGmo-S347	0.010002	-1.9955	0.7749	0.0052496	0.016804
303	cgpGmo-S1563c	0.026405	-1.5667	0.54478	-0.031	0.01641
304	cgpGmo-S298	0.009802	-2.0044	0.77982	-0.0080769	0.016606
305	cgpGmo-S623	0.018204	-1.7319	0.66248	-0.017214	0.016527
306	cgpGmo-S771	0.62533	0.22245	0.016953	0.72463	0.037663
307	cgpGmo-S776b	0.0094019	-2.0227	0.78829	-0.0052461	0.016635
308	cgpGmo-S2111	0.0064013	-2.1909	0.84273	0.0029234	0.016743
309	cgpGmo-S572	0.023205	-1.6242	0.59471	-0.024451	0.016465
310	cgpGmo-S244	0.011202	-1.9458	0.76203	0.0063587	0.016836
311	cgpGmo-S122	0.026005	-1.5735	0.54999	-0.029103	0.016424
312	cgpGmo-S160	0.005001	-2.2988	0.86553	-0.00067431	0.016675
313	cgpGmo-S1506	0.12663	-0.83868	0.13819	-0.21318	0.015089
314	Gm_cyp19a1a_2_1	0.0068014	-2.1644	0.83597	-0.0035725	0.016642
315	cgpGmo-S1393b	0.065213	-1.1564	0.25195	-0.10327	0.015897
316	cgpGmo-S734	0.065213	-1.1564	0.25195	-0.10596	0.015894
317	cgpGmo-S218	0.004801	-2.3166	0.86756	-0.00052046	0.016678
318	cgpGmo-S916	0.0076015	-2.1158	0.81972	0.0045949	0.016802
319	cgpGmo-S1085b	0.0062012	-2.2048	0.84648	-0.0011902	0.016667
320	cgpGmo-S1407	0.0062012	-2.2048	0.84648	-0.0039983	0.016638
321	cgpGmo-S879	0.014203	-1.8414	0.722	0.0091927	0.016899
322	cgpGmo-S324	0.0072014	-2.1394	0.8286	0.0040813	0.016792
323	cgpGmo-S448	0.022204	-1.6438	0.60938	-0.024296	0.016472
324	cgpGmo-S1664	0.0070014	-2.1518	0.83144	-0.0036862	0.016642
325	cgpGmo-S20	0.021004	-1.6685	0.62537	-0.02275	0.016479
326	cgpGmo-S155	0.997	2.5215	0.00040534	1.7023	0.082911
327	cgpGmo-S867	0.026005	-1.5735	0.54999	0.021218	0.017231
328	cgpGmo-S157	0.9994	3.2215	7.10E-05	1.2949	0.05681
329	cgpGmo-S2177	0.0064013	-2.1909	0.84273	-0.0015444	0.016666
330	cgpGmo-S350	0.018004	-1.7368	0.66344	-0.017057	0.016523
331	cgpGmo-S889b	0.0074015	-2.1275	0.82415	-0.004709	0.016635
332	cgpGmo-S1337	0.010802	-1.9618	0.76573	-0.0069948	0.01661
333	cgpGmo-S1222	0.0060012	-2.2191	0.85079	-0.00015264	0.016687
334	cgpGmo-S98	0.0092018	-2.0321	0.79264	-0.0054307	0.016633
335	cgpGmo-S760	0.015403	-1.8057	0.69825	0.012634	0.017014
336	cgpGmo-S526	0.0058012	-2.234	0.85399	-0.0036932	0.016646
337	cgpGmo-S1992	1	1000	0	2.169	0.11469
338	cgpGmo-S336	0.0058012	-2.234	0.85399	0.00015229	0.016697
339	cgpGmo-S1162	0.0072014	-2.1394	0.8286	0.00065273	0.016704
340	cgpGmo-S1169	0.0056011	-2.2493	0.85672	-0.0015876	0.016662
341	cgpGmo-S130	0.014003	-1.8477	0.72455	0.0090705	0.016899
342	cgpGmo-S1687	0.0088018	-2.0516	0.80048	0.0046093	0.016802
343	cgpGmo-S292b	1	1000	0	2.4632	0.14253
344	cgpGmo-S89a	1	1000	0	1.6806	0.079325
345	cgpGmo-S396	0.009802	-2.0044	0.77982	0.006407	0.016832
346	cgpGmo-S252	0.0038008	-2.4185	0.87267	-0.00034045	0.016682
347	cgpGmo-S986	0.045609	-1.3207	0.37878	0.042408	0.017851
348	cgpGmo-S488	0.0040008	-2.3961	0.872	0.00094149	0.016697
349	cgpGmo-S794	0.013603	-1.8604	0.72889	-0.014901	0.016555
350	cgpGmo-S770	0.037407	-1.4105	0.44879	-0.050534	0.016273
351	cgpGmo-S286	0.0062012	-2.2048	0.84648	0.001417	0.016723
352	cgpGmo-S409	0.0060012	-2.2191	0.85079	0.0015101	0.016714
353	cgpGmo-S1893	0.004801	-2.3166	0.86756	0.0012191	0.016706
354	cgpGmo-S691	0.24305	-0.49337	0.095169	0.28753	0.025175
355	cgpGmo-S174	0.036607	-1.4202	0.45643	0.02733	0.01736
356	Gm0480_0394	0.0086017	-2.0617	0.80339	-0.0038509	0.016642
357	cgpGmo-S597	0.027606	-1.5468	0.52647	-0.028786	0.016413
358	cgpGmo-S2104	0.0056011	-2.2493	0.85672	0.00046552	0.016697
359	cgpGmo-S1760	0.0076015	-2.1158	0.81972	-0.0014517	0.016671
360	cgpGmo-S1698	0.004801	-2.3166	0.86756	-0.0013314	0.016665
361	cgpGmo-S980	0.018204	-1.7319	0.66248	-0.016565	0.016526
362	Gm0986_0621	0.028406	-1.5341	0.51474	-0.032239	0.016384
363	cgpGmo-S410	0.005201	-2.2816	0.86313	0.00083173	0.016698
364	cgpGmo-S1610b	0.0064013	-2.1909	0.84273	-0.00012902	0.016691
365	cgpGmo-S1399a	0.05181	-1.2625	0.33656	-0.073175	0.016082
366	cgpGmo-S1668	0.042208	-1.3559	0.40703	-0.059402	0.016206
367	cgpGmo-S1212	0.0054011	-2.2652	0.86	-0.00068029	0.016679
368	cgpGmo-S1724	0.0064013	-2.1909	0.84273	-0.00077801	0.016679
369	cgpGmo-S1082	0.0074015	-2.1275	0.82415	-0.0052062	0.016628
370	cgpGmo-S2154	0.0094019	-2.0227	0.78829	0.00029897	0.01671
371	cgpGmo-S36a	0.009802	-2.0044	0.77982	0.0057374	0.016829
372	cgpGmo-S2002	0.012202	-1.9082	0.75126	-0.0077465	0.016597
373	cgpGmo-S1008	0.0036007	-2.442	0.87346	-5.15E-05	0.01668
374	cgpGmo-S1715	0.010802	-1.9618	0.76573	0.0063315	0.016845
375	cgpGmo-S2162	0.0076015	-2.1158	0.81972	0.0017179	0.016723
376	cgpGmo-S578	0.0086017	-2.0617	0.80339	-0.003856	0.016642
377	cgpGmo-S72	0.0070014	-2.1518	0.83144	0.002943	0.016745
378	cgpGmo-S1503	0.0090018	-2.0417	0.79612	-0.00564	0.01662
379	cgpGmo-S261b	0.0096019	-2.0135	0.78298	-0.0064859	0.016618
380	cgpGmo-S406	0.0054011	-2.2652	0.86	-0.00039019	0.016678
381	cgpGmo-S1959	0.996	2.3961	0.00045204	1.1672	0.050684
382	cgpGmo-S2221	0.028006	-1.5404	0.51872	-0.033764	0.016391
383	cgpGmo-S1111	1	1000	0	1.4022	0.062159
384	cgpGmo-S1467	1	1000	0	2.0754	0.1071
385	cgpGmo-S87	0.0054011	-2.2652	0.86	-0.0009403	0.016679
386	cgpGmo-S1158	0.0062012	-2.2048	0.84648	0.00018049	0.016689
387	cgpGmo-S893	0.0096019	-2.0135	0.78298	-0.0041093	0.016644
388	cgpGmo-S1093	0.005201	-2.2816	0.86313	0.00076738	0.01672
389	cgpGmo-S1998	0.010602	-1.97	0.76753	-0.0059533	0.016627
390	cgpGmo-S416b	0.0076015	-2.1158	0.81972	0.0030095	0.016751
391	cgpGmo-S752a	0.022805	-1.632	0.60151	0.017719	0.017144
392	cgpGmo-S715	0.016403	-1.7779	0.67881	0.011905	0.016993
393	cgpGmo-S1902	0.0058012	-2.234	0.85399	-0.0012331	0.016667
394	cgpGmo-S1905	1	1000	0	1.3789	0.060847
395	cgpGmo-S32	0.0076015	-2.1158	0.81972	-0.0041376	0.016642
396	cgpGmo-S746	0.0064013	-2.1909	0.84273	0.00015523	0.016693
397	cgpGmo-S675b	0.0062012	-2.2048	0.84648	-0.0019067	0.016655
398	cgpGmo-S1106	0.013003	-1.8803	0.73774	0.00862	0.016892
399	cgpGmo-S1751	0.005201	-2.2816	0.86313	0.0022362	0.016728
400	cgpGmo-S977	0.16503	-0.7041	0.11363	0.17692	0.021624
401	cgpGmo-S1808	0.0046009	-2.3352	0.8694	0.00071662	0.016698
402	cgpGmo-S1025	0.0086017	-2.0617	0.80339	0.0047065	0.016785
403	cgpGmo-S302	0.005001	-2.2988	0.86553	0.00043939	0.016706
404	cgpGmo-S693	1	1000	0	1.6992	0.079613
405	cgpGmo-S1907	0.0060012	-2.2191	0.85079	-0.0013919	0.01667
406	cgpGmo-S1731	0.005201	-2.2816	0.86313	0.00032574	0.016694
407	cgpGmo-S1442	0.0074015	-2.1275	0.82415	-0.0040101	0.016648
408	cgpGmo-S1662	0.0062012	-2.2048	0.84648	-0.002914	0.016655
409	cgpGmo-S897	0.058412	-1.2074	0.30514	-0.085414	0.016005
410	cgpGmo-S225a	0.0086017	-2.0617	0.80339	-0.0052391	0.016625
411	cgpGmo-S1399b	0.016003	-1.7888	0.68722	-0.015066	0.016553
412	cgpGmo-S2189	0.0092018	-2.0321	0.79264	-0.0018726	0.016678
413	cgpGmo-S196	0.010402	-1.9783	0.76975	0.005324	0.016799
414	cgpGmo-S872a	0.024405	-1.6018	0.57122	-0.027244	0.016452
415	cgpGmo-S1297a	0.0068014	-2.1644	0.83597	-0.0028898	0.016648
416	cgpGmo-S424	0.014203	-1.8414	0.722	-0.010863	0.016585
417	cgpGmo-S2175	0.023805	-1.6129	0.58331	-0.025191	0.016449
418	cgpGmo-S287b	0.53831	0.066678	0.033172	0.68145	0.037715
419	cgpGmo-S905	0.0094019	-2.0227	0.78829	-0.0072239	0.01661
420	cgpGmo-S1810	1	1000	0	1.4128	0.063189
421	cgpGmo-S1281	0.026405	-1.5667	0.54478	-0.028532	0.016429
422	cgpGmo-S2110	0.0062012	-2.2048	0.84648	0.001161	0.016707
423	cgpGmo-S1552a	0.0074015	-2.1275	0.82415	-0.0031251	0.016646
424	cgpGmo-S577	0.0058012	-2.234	0.85399	0.0025337	0.016743
425	cgpGmo-S512	0.017403	-1.7517	0.67176	-0.016072	0.01653
426	cgpGmo-S1377	0.0084017	-2.072	0.80621	0.0011931	0.01671
427	cgpGmo-S922	0.0066013	-2.1775	0.83857	0.0021241	0.016728
428	cgpGmo-S1883	0.039408	-1.387	0.42449	0.053965	0.018654
429	cgpGmo-S1620	0.0096019	-2.0135	0.78298	-0.0081947	0.016603
430	cgpGmo-S268	0.9994	3.2215	7.10E-05	1.3645	0.060672
431	cgpGmo-S1904	1	1000	0	1.4198	0.0632
432	cgpGmo-S18	0.012402	-1.9011	0.74867	-0.012186	0.016563
433	cgpGmo-S271	0.0036007	-2.442	0.87346	-0.00014131	0.01668
434	cgpGmo-S1221b	0.030406	-1.5036	0.49817	-0.036266	0.01636
435	cgpGmo-S1936	0.0090018	-2.0417	0.79612	-0.0045431	0.016629
436	cgpGmo-S1874	1	1000	0	3.0157	0.20828
437	cgpGmo-S523	1	1000	0	1.74	0.082345
438	cgpGmo-S1655	0.0056011	-2.2493	0.85672	0.002206	0.01673
439	cgpGmo-S1312	0.017403	-1.7517	0.67176	-0.01765	0.016515
440	cgpGmo-S1336	0.005201	-2.2816	0.86313	0.0012427	0.016708
441	cgpGmo-S1273	0.0064013	-2.1909	0.84273	-0.0013064	0.016667
442	cgpGmo-S990	0.0064013	-2.1909	0.84273	0.0032503	0.01676
443	cgpGmo-S657a	0.0094019	-2.0227	0.78829	-0.0065387	0.01662
444	cgpGmo-S1609a	0.0056011	-2.2493	0.85672	-0.00032256	0.016683
445	cgpGmo-S1608	0.0084017	-2.072	0.80621	0.0045291	0.0168
446	cgpGmo-S1224	0.0090018	-2.0417	0.79612	0.0024003	0.016738
447	cgpGmo-S2121	0.055811	-1.2283	0.31727	-0.085166	0.016012
448	cgpGmo-S137	0.032807	-1.4696	0.48271	-0.045066	0.016309
449	cgpGmo-S1744	0.012803	-1.8871	0.74333	-0.011423	0.016571
450	cgpGmo-S553	0.011802	-1.9229	0.75677	0.0069988	0.01685
451	cgpGmo-S190	0.004801	-2.3166	0.86756	-0.001554	0.016663
452	cgpGmo-S946	0.0058012	-2.234	0.85399	0.0023032	0.016735
453	cgpGmo-S1392	0.014603	-1.8292	0.71407	-0.011986	0.016566
454	cgpGmo-S183	0.011602	-1.9304	0.75919	0.0067082	0.016838
455	cgpGmo-S338b	0.0082016	-2.0825	0.80925	-0.0043954	0.016637
456	cgpGmo-S2139	0.988	1.9155	0.0012654	1.267	0.055933
457	cgpGmo-S1167	0.9908	2.0321	0.00092549	1.3267	0.058874
458	cgpGmo-S1342	0.0084017	-2.072	0.80621	0.0035668	0.016762
459	cgpGmo-S1200	1	1000	0	1.4394	0.064047
460	cgpGmo-S614b	0.40908	-0.15972	0.061201	0.48795	0.031138
461	cgpGmo-S1737	0.014403	-1.8353	0.72006	0.0075053	0.016901
462	cgpGmo-S1017	1	1000	0	1.8302	0.088493
463	Gm1225_0475	0.005201	-2.2816	0.86313	0.00016312	0.016687
464	cgpGmo-S1853	1	1000	0	2.7383	0.17303
465	cgpGmo-S1577	0.013603	-1.8604	0.72889	-0.013014	0.016558
466	cgpGmo-S729	0.0058012	-2.234	0.85399	-2.35E-05	0.01669
467	cgpGmo-S720	0.005001	-2.2988	0.86553	-0.0019265	0.016661
468	cgpGmo-S469	0.029806	-1.5126	0.5066	-0.033493	0.016383
469	cgpGmo-S518	0.0068014	-2.1644	0.83597	-0.0041938	0.016631
470	cgpGmo-S99	0.004801	-2.3166	0.86756	0.00054118	0.016695
471	cgpGmo-S607	1	1000	0	1.7737	0.084368
472	cgpGmo-S245b	0.019804	-1.6946	0.639	-0.021399	0.01648
473	cgpGmo-S676	0.0080016	-2.0933	0.81133	-0.0015866	0.016677
474	cgpGmo-S1899	0.044409	-1.3328	0.39165	0.038582	0.017706
475	Gm0588_0274	0.9998	3.6988	1.45E-05	1.3613	0.060007
476	cgpGmo-S509	0.0046009	-2.3352	0.8694	-0.00096275	0.016672
477	cgpGmo-S1563	0.021204	-1.6643	0.6218	-0.020966	0.016489
478	cgpGmo-S315	0.0036007	-2.442	0.87346	-0.00071698	0.016674
479	cgpGmo-S465	0.0072014	-2.1394	0.8286	-0.0016231	0.016658
480	cgpGmo-S184	0.0042008	-2.3748	0.87078	0.0011349	0.016706
481	cgpGmo-S1865	0.0040008	-2.3961	0.872	0.00048838	0.016692
482	cgpGmo-S1217	0.034007	-1.4534	0.47812	-0.045367	0.016307
483	cgpGmo-S1031	0.0070014	-2.1518	0.83144	-0.00010297	0.016702
484	Gm1063_0134	0.0058012	-2.234	0.85399	0.0029735	0.016754
485	cgpGmo-S1956	0.010002	-1.9955	0.7749	-0.0065825	0.016614
486	cgpGmo-S452	0.0096019	-2.0135	0.78298	-0.0039929	0.016654
487	cgpGmo-S593	0.0058012	-2.234	0.85399	0.0030352	0.016755
488	cgpGmo-S1328	0.013603	-1.8604	0.72889	0.007841	0.016871
489	cgpGmo-S2202	0.014803	-1.8232	0.70923	-0.012048	0.016561
490	Gm1265_0606	0.0044009	-2.3545	0.87009	0.00069599	0.016695
491	cgpGmo-S1239	0.9974	2.5838	0.00029869	1.3208	0.058335
492	cgpGmo-S129	0.013603	-1.8604	0.72889	-0.011887	0.016571
493	cgpGmo-S2153	0.9994	3.2215	7.10E-05	1.328	0.058575
494	cgpGmo-S434b	0.0064013	-2.1909	0.84273	0.0020312	0.016722
495	cgpGmo-S1702	0.0056011	-2.2493	0.85672	-0.0023306	0.01666
496	cgpGmo-S1909	0.012803	-1.8871	0.74333	-0.011038	0.016573
497	cgpGmo-S1773	0.0054011	-2.2652	0.86	-0.0012021	0.016672
498	cgpGmo-S245a	0.012402	-1.9011	0.74867	-0.010955	0.016574
499	cgpGmo-S1839	0.0054011	-2.2652	0.86	0.001289	0.016717
500	cgpGmo-S658	0.0044009	-2.3545	0.87009	0.00036909	0.016689
501	cgpGmo-S2146	0.012002	-1.9155	0.75379	-0.0087016	0.0166
502	cgpGmo-S791	0.0078016	-2.1044	0.81478	-0.0043055	0.016643
503	cgpGmo-S1649	0.016203	-1.7833	0.68223	-0.015364	0.016528
504	cgpGmo-S967a	0.017403	-1.7517	0.67176	-0.018146	0.016515
505	Gm330_0290	0.019404	-1.7036	0.64754	-0.02109	0.016501
506	cgpGmo-S254	1	1000	0	1.898	0.09344
507	Anti_1	0.027606	-1.5468	0.52647	0.022786	0.017259
508	cgpGmo-S1321	0.0058012	-2.234	0.85399	-0.00071885	0.016674
509	cgpGmo-S576	0.042809	-1.3495	0.3979	-0.059315	0.016206
510	cgpGmo-S381	0.014203	-1.8414	0.722	-0.010508	0.01657
511	cgpGmo-S449a	0.027806	-1.5436	0.52263	-0.033561	0.016395
512	cgpGmo-S502	0.0078016	-2.1044	0.81478	-0.0037161	0.016648
513	cgpGmo-S1201	0.082817	-1.0443	0.21192	0.094268	0.019481
514	cgpGmo-S580	0.0096019	-2.0135	0.78298	-0.00859	0.016595
515	cgpGmo-S1898	0.011602	-1.9304	0.75919	0.0076047	0.016875
516	cgpGmo-S844	0.0060012	-2.2191	0.85079	0.00038824	0.016697
517	Gm0627_0302	0.014403	-1.8353	0.72006	-0.011131	0.016565
518	cgpGmo-S2044	0.0080016	-2.0933	0.81133	-0.0034976	0.016639
519	cgpGmo-S1014b	0.020604	-1.677	0.63231	-0.020234	0.016487
520	Gm310_0375	0.0092018	-2.0321	0.79264	-0.0053238	0.016625
521	cgpGmo-S621	0.0056011	-2.2493	0.85672	0.0025613	0.016737
522	cgpGmo-S306b	0.04921	-1.286	0.35126	-0.07343	0.016102
523	cgpGmo-S747	0.0074015	-2.1275	0.82415	0.0013665	0.01672
524	cgpGmo-S703	0.19044	-0.6285	0.10133	-0.3513	0.01413
525	cgpGmo-S197a	0.0092018	-2.0321	0.79264	-0.0067296	0.016611
526	cgpGmo-S1859	0.009802	-2.0044	0.77982	-0.0070141	0.016608
527	cgpGmo-S810	0.0066013	-2.1775	0.83857	-0.0037785	0.016638
528	cgpGmo-S1974	0.005201	-2.2816	0.86313	0.00073121	0.016701
529	cgpGmo-S528	0.043009	-1.3474	0.3948	0.042167	0.017852
530	cgpGmo-S1673	0.0064013	-2.1909	0.84273	-0.0011448	0.016685
531	cgpGmo-S204	0.0076015	-2.1158	0.81972	-0.0035858	0.016647
532	cgpGmo-S321	0.0066013	-2.1775	0.83857	-0.0036079	0.016647
533	cgpGmo-S158b	0.015603	-1.8	0.69441	-0.016925	0.016537
534	cgpGmo-S2017	0.004801	-2.3166	0.86756	0.00030301	0.01669
535	cgpGmo-S1826	0.020804	-1.6727	0.62888	-0.022079	0.016474
536	cgpGmo-S335	0.025805	-1.5769	0.55675	-0.030995	0.016413
537	Gm1205_0365	0.056411	-1.2234	0.30924	-0.088638	0.015999
538	cgpGmo-S675a	0.0072014	-2.1394	0.8286	0.0011415	0.016707
539	cgpGmo-S1091	0.0040008	-2.3961	0.872	-0.0014379	0.016664
540	cgpGmo-S1769	0.0092018	-2.0321	0.79264	-0.0062941	0.016611
541	cgpGmo-S1070	0.0064013	-2.1909	0.84273	0.0039076	0.01677
542	cgpGmo-S1701	0.0056011	-2.2493	0.85672	-0.00057855	0.016678
543	cgpGmo-S1193	0.022004	-1.6478	0.61193	0.017512	0.017128
544	cgpGmo-S300	0.04921	-1.286	0.35126	-0.078546	0.016079
545	cgpGmo-S737	0.0078016	-2.1044	0.81478	-0.0011411	0.016684
546	cgpGmo-S665	0.019604	-1.6991	0.64225	-0.019012	0.016499
547	cgpGmo-S1326	0.025005	-1.591	0.56809	-0.026974	0.016439
548	cgpGmo-S458a	0.005201	-2.2816	0.86313	0.0012124	0.016712
549	cgpGmo-S1749	0.25585	-0.46367	0.089363	0.30146	0.025497
550	Gm1108_0332	0.014803	-1.8232	0.70923	-0.014057	0.016542
551	cgpGmo-S1888	0.039608	-1.3847	0.41879	-0.052693	0.016244
552	LDHB	0.0092018	-2.0321	0.79264	-0.0055893	0.016626
553	cgpGmo-S1423a	0.0072014	-2.1394	0.8286	-0.0022469	0.016659
554	cgpGmo-S150	0.0042008	-2.3748	0.87078	-0.00044195	0.016677
555	cgpGmo-S694	0.44769	-0.091206	0.051623	0.56956	0.034259
556	cgpGmo-S1762	0.0074015	-2.1275	0.82415	-0.0043685	0.016636
557	cgpGmo-S1814	0.021004	-1.6685	0.62537	-0.021	0.016491
558	cgpGmo-S552	0.0092018	-2.0321	0.79264	-0.0072837	0.016615
559	cgpGmo-S1219b	0.023605	-1.6166	0.58909	-0.025061	0.016456
560	cgpGmo-S327	0.0086017	-2.0617	0.80339	0.0028355	0.016757
561	cgpGmo-S1127	0.045209	-1.3247	0.38528	0.037981	0.017645
562	cgpGmo-S2166	0.012803	-1.8871	0.74333	-0.010771	0.016575
563	cgpGmo-S422	0.0042008	-2.3748	0.87078	0.00095911	0.016701
564	cgpGmo-S1768	0.13043	-0.82394	0.13211	0.14857	0.020967
565	cgpGmo-S1844	0.0090018	-2.0417	0.79612	-0.0065295	0.016616
566	cgpGmo-S582	0.015203	-1.8114	0.70052	-0.014292	0.01655
567	cgpGmo-S1712	0.054611	-1.2383	0.32512	0.046335	0.017857
568	cgpGmo-S142	0.0072014	-2.1394	0.8286	0.0030624	0.016766
569	cgpGmo-S976a	0.0054011	-2.2652	0.86	-0.0012316	0.016672
570	cgpGmo-S1607	0.0074015	-2.1275	0.82415	-0.0014333	0.016675
571	Gm0999_0102	0.014803	-1.8232	0.70923	-0.011635	0.016575
572	cgpGmo-S2015	0.995	2.2988	0.00055707	1.3168	0.058404
573	cgpGmo-S2087	0.014803	-1.8232	0.70923	-0.013845	0.016547
574	cgpGmo-S434a	0.017403	-1.7517	0.67176	-0.018342	0.016517
575	cgpGmo-S754	0.025805	-1.5769	0.55675	-0.026151	0.016446
576	cgpGmo-S716	0.013603	-1.8604	0.72889	-0.012368	0.016564
577	cgpGmo-S328	0.0056011	-2.2493	0.85672	-0.0021281	0.016658
578	cgpGmo-S1178	0.9994	3.2215	7.10E-05	1.5532	0.071438
579	cgpGmo-S1098	0.9998	3.6988	1.45E-05	1.4317	0.063752
580	Gm349_1196	0.0076015	-2.1158	0.81972	0.0034242	0.016763
581	HbBeta1_1	0.016803	-1.7672	0.67795	-0.018067	0.016524
582	cgpGmo-S2035	0.014803	-1.8232	0.70923	-0.015336	0.016548
583	cgpGmo-S357	0.035807	-1.4302	0.46386	0.035732	0.017677
584	cgpGmo-S2122	0.058412	-1.2074	0.30514	0.05592	0.018227
585	cgpGmo-S1469	0.023205	-1.6242	0.59471	-0.023133	0.016472
586	cgpGmo-S178	0.081616	-1.0512	0.21711	-0.13399	0.01567
587	cgpGmo-S682	0.0068014	-2.1644	0.83597	0.0029403	0.016747
588	cgpGmo-S466	0.005201	-2.2816	0.86313	-0.0003897	0.016678
589	cgpGmo-S1256a	0.0070014	-2.1518	0.83144	0.0012199	0.016718
590	Gm0250_0086	0.0068014	-2.1644	0.83597	-0.00065925	0.016678
591	cgpGmo-S759	0.9996	3.3977	3.45E-05	1.5177	0.069225
592	cgpGmo-S967b	0.0056011	-2.2493	0.85672	-0.0019056	0.016666
593	cgpGmo-S1919	0.009802	-2.0044	0.77982	0.0042792	0.016802
594	cgpGmo-S923	0.023605	-1.6166	0.58909	-0.024295	0.016456
595	cgpGmo-S2255	0.012202	-1.9082	0.75126	-0.011804	0.016571
596	cgpGmo-S1935	0.020204	-1.6857	0.63569	-0.019527	0.016498
597	cgpGmo-S1438	0.017003	-1.762	0.67708	-0.017722	0.016515
598	Gm1154_0166	0.025205	-1.5874	0.56491	-0.027276	0.016432
599	cgpGmo-S78	0.88618	0.89129	0.0067024	1.0408	0.047179
600	cgpGmo-S1725	0.026805	-1.56	0.53763	0.025419	0.017437
601	cgpGmo-S1689	0.0072014	-2.1394	0.8286	-0.003162	0.016653
602	cgpGmo-S429	0.047009	-1.3069	0.36874	-0.066019	0.016145
603	cgpGmo-S1455	0.0046009	-2.3352	0.8694	0.0014755	0.016711
604	cgpGmo-S1665	0.0068014	-2.1644	0.83597	-0.0038468	0.016635
605	Gm0399_0241	0.0080016	-2.0933	0.81133	0.0034608	0.016763
606	cgpGmo-S171	0.0058012	-2.234	0.85399	0.0017668	0.016729
607	cgpGmo-S1781	0.081416	-1.0524	0.22223	0.079407	0.018822
608	Gm_cyp19a1a_1_9	0.019404	-1.7036	0.64754	-0.021538	0.016498
609	cgpGmo-S397	0.045409	-1.3227	0.38205	0.052454	0.018325
610	cgpGmo-S719	0.0082016	-2.0825	0.80925	-0.0022896	0.016652
611	cgpGmo-S1942	0.005001	-2.2988	0.86553	-8.88E-05	0.016681
612	cgpGmo-S932b	0.023805	-1.6129	0.58331	-0.025127	0.016447
613	cgpGmo-S1740	0.035007	-1.4404	0.47109	-0.041342	0.016315
614	cgpGmo-S814a	0.999	2.9995	0.00011387	1.2709	0.055703
615	cgpGmo-S854b	0.0072014	-2.1394	0.8286	0.0030422	0.016749
616	cgpGmo-S185	0.0082016	-2.0825	0.80925	-0.0047326	0.016631
617	cgpGmo-S544	0.0074015	-2.1275	0.82415	0.0038289	0.016769
618	cgpGmo-S1344	0.005001	-2.2988	0.86553	0.0010027	0.016702
619	cgpGmo-S390b	0.012603	-1.894	0.74495	0.0088863	0.0169
620	cgpGmo-S904	0.0060012	-2.2191	0.85079	-0.0020962	0.016659
621	Gm0286_0449	0.0094019	-2.0227	0.78829	0.0021688	0.016746
622	Gm0433_0214	0.0046009	-2.3352	0.8694	0.0015531	0.016714
623	cgpGmo-S136	0.022805	-1.632	0.60151	-0.021858	0.016482
624	cgpGmo-S689	0.0062012	-2.2048	0.84648	0.0020276	0.016724
625	Gm_lhcgr_1_1	0.022204	-1.6438	0.60938	-0.021672	0.016474
626	cgpGmo-S1955	1	1000	0	2.9973	0.20582
627	cgpGmo-S1735	0.054811	-1.2367	0.32122	0.057718	0.018318
628	cgpGmo-S861	0.005001	-2.2988	0.86553	0.000732	0.016698
629	cgpGmo-S1926	0.042208	-1.3559	0.40703	-0.060741	0.016198
630	Gm1103_0238	0.019404	-1.7036	0.64754	-0.020021	0.016496
631	cgpGmo-S408	0.035207	-1.4378	0.4663	-0.045656	0.016285
632	cgpGmo-S2269	0.0068014	-2.1644	0.83597	0.00074272	0.016712
633	cgpGmo-S877	0.0074015	-2.1275	0.82415	-0.0026925	0.016656
634	cgpGmo-S1306	0.0088018	-2.0516	0.80048	-0.0044717	0.016641
635	cgpGmo-S827	0.020604	-1.677	0.63231	-0.023525	0.016474
636	cgpGmo-S2157	0.0082016	-2.0825	0.80925	0.0018543	0.01673
637	cgpGmo-S613b	0.019004	-1.7128	0.65267	0.018317	0.017216
638	Gm0492_0218	0.012402	-1.9011	0.74867	-0.0082147	0.016595
639	cgpGmo-S1944	0.071814	-1.1114	0.23237	-0.1114	0.015812
640	cgpGmo-S1823	0.0056011	-2.2493	0.85672	0.0019971	0.016723
641	cgpGmo-S2101	0.0040008	-2.3961	0.872	0.00060852	0.016692
642	cgpGmo-S193	0.017203	-1.7568	0.67266	-0.015731	0.016526
643	cgpGmo-S1730	0.063413	-1.1694	0.26601	-0.095935	0.015942
644	Gm1365_0447	0.014403	-1.8353	0.72006	-0.013451	0.016557
645	cgpGmo-S972	0.015603	-1.8	0.69441	-0.013504	0.016552
646	cgpGmo-S1265b	0.0082016	-2.0825	0.80925	-0.004695	0.016632
647	cgpGmo-S1009	0.91978	1.0594	0.0055628	1.0577	0.047367
648	cgpGmo-S1284	0.009802	-2.0044	0.77982	0.0045805	0.016794
649	cgpGmo-S1001	0.0068014	-2.1644	0.83597	-0.0026546	0.016651
650	cgpGmo-S1206	0.056211	-1.2251	0.31328	-0.078524	0.016043
651	cgpGmo-S755	1	1000	0	2.1933	0.11669
652	cgpGmo-S248a	0.0068014	-2.1644	0.83597	-0.00091066	0.016677
653	cgpGmo-S830	0.0076015	-2.1158	0.81972	-0.0026389	0.016656
654	cgpGmo-S1733	0.92238	1.075	0.0047601	1.1086	0.049678
655	cgpGmo-S1663	0.0080016	-2.0933	0.81133	-0.0017195	0.016673
656	cgpGmo-S71	0.025405	-1.5839	0.5633	-0.029652	0.016426
657	cgpGmo-S1280	0.022605	-1.6359	0.60284	-0.025097	0.01646
658	cgpGmo-S1806	0.05021	-1.2768	0.34399	0.04896	0.018037
659	cgpGmo-S1889	0.011802	-1.9229	0.75677	-0.010554	0.016579
660	cgpGmo-S973	0.0062012	-2.2048	0.84648	-0.0014737	0.016662
661	Gm1090_0134	0.005001	-2.2988	0.86553	0.0011768	0.016707
662	cgpGmo-S2281	0.010402	-1.9783	0.76975	-0.007086	0.016608
663	cgpGmo-S822a	1	1000	0	2.5022	0.14674
664	cgpGmo-S514	0.013003	-1.8803	0.73774	-0.011428	0.016569
665	cgpGmo-S1766	0.0060012	-2.2191	0.85079	-0.0022657	0.016652
666	cgpGmo-S1256b	0.10362	-0.93705	0.16787	0.10929	0.019734
667	cgpGmo-S2231	0.0054011	-2.2652	0.86	0.0019066	0.016721
668	cgpGmo-S1255a	0.025605	-1.5804	0.56005	0.021523	0.017271
669	cgpGmo-S579	0.019404	-1.7036	0.64754	-0.019184	0.016512
670	cgpGmo-S1077b	0.0076015	-2.1158	0.81972	-0.0028139	0.016654
671	cgpGmo-S1943	0.0094019	-2.0227	0.78829	-0.0059922	0.016623
672	cgpGmo-S2288	0.9986	2.8532	0.00014928	1.446	0.065294
673	Gm_cbr1l2_1	0.010202	-1.9869	0.77278	-0.0042141	0.016659
674	cgpGmo-S541a	0.014403	-1.8353	0.72006	-0.011028	0.016571
675	cgpGmo-S657b	0.0072014	-2.1394	0.8286	-0.002806	0.016651
676	cgpGmo-S2039	0.018804	-1.7175	0.65367	-0.01682	0.01652
677	cgpGmo-S1705	0.0062012	-2.2048	0.84648	0.0014786	0.01671
678	cgpGmo-S1457	0.0078016	-2.1044	0.81478	-0.0015719	0.016668
679	cgpGmo-S2222	0.005201	-2.2816	0.86313	-0.00038265	0.016679
680	cgpGmo-S1030	0.0058012	-2.234	0.85399	-0.00077661	0.016675
681	cgpGmo-S1697	0.021204	-1.6643	0.6218	-0.023623	0.016472
682	cgpGmo-S1242	0.9998	3.6988	1.45E-05	1.5462	0.071049
683	cgpGmo-S1323	0.034207	-1.4508	0.4758	-0.038808	0.016336
684	cgpGmo-S1204	0.0064013	-2.1909	0.84273	0.0022812	0.016734
685	cgpGmo-S561	0.025805	-1.5769	0.55675	-0.031463	0.016406
686	cgpGmo-S1006	0.014803	-1.8232	0.70923	-0.012641	0.016555
687	cgpGmo-S681a	0.0070014	-2.1518	0.83144	-0.0043906	0.016632
688	cgpGmo-S474	0.013003	-1.8803	0.73774	0.0079666	0.01688
689	cgpGmo-S238	0.029206	-1.5217	0.51273	-0.03296	0.0164
690	cgpGmo-S1007	0.0060012	-2.2191	0.85079	-0.0034743	0.016641
691	cgpGmo-S2049	0.0082016	-2.0825	0.80925	0.0033044	0.016772
692	cgpGmo-S1172	0.025005	-1.591	0.56809	-0.026348	0.016437
693	cgpGmo-S1825	0.005201	-2.2816	0.86313	-0.00041471	0.016681
694	cgpGmo-S247	0.0084017	-2.072	0.80621	-0.0042125	0.016642
695	cgpGmo-S258	0.93019	1.1246	0.0039682	1.1503	0.051532
696	cgpGmo-S711b	0.0076015	-2.1158	0.81972	-0.003155	0.016649
697	cgpGmo-S785a	0.016003	-1.7888	0.68722	-0.015576	0.016538
698	cgpGmo-S686b	0.004801	-2.3166	0.86756	-0.00049932	0.016676
699	cgpGmo-S1441	0.9904	2.0135	0.0010288	1.2889	0.057043
700	cgpGmo-S1932	0.036207	-1.4252	0.45893	-0.042672	0.016315
701	cgpGmo-S595	0.0078016	-2.1044	0.81478	-0.0046409	0.016634
702	cgpGmo-S1788	1	1000	0	1.9578	0.097792
703	Gm0610_0137	0.0082016	-2.0825	0.80925	-0.0048568	0.016632
704	cgpGmo-S816a	0.0068014	-2.1644	0.83597	0.0014578	0.016717
705	cgpGmo-S1304b	0.015803	-1.7943	0.69046	-0.015821	0.016535
706	cgpGmo-S2102	0.011602	-1.9304	0.75919	0.0088275	0.016912
707	cgpGmo-S799	0.014603	-1.8292	0.71407	-0.013132	0.016564
708	cgpGmo-S857	0.004801	-2.3166	0.86756	-0.0018374	0.016659
709	cgpGmo-S1079	0.0070014	-2.1518	0.83144	-0.002057	0.016662
710	cgpGmo-S331b	0.0066013	-2.1775	0.83857	-0.0004675	0.016681
711	cgpGmo-S911	0.021804	-1.6519	0.61569	-0.022592	0.016478
712	cgpGmo-S435	0.9836	1.7779	0.0015844	1.3551	0.061001
713	cgpGmo-S616	1	1000	0	1.8378	0.089192
714	cgpGmo-S868	0.0064013	-2.1909	0.84273	-0.0032312	0.01666
715	Gm0831_0304	0.0096019	-2.0135	0.78298	-0.0056239	0.016622
716	cgpGmo-S1379	0.011802	-1.9229	0.75677	-0.0085093	0.016602
717	cgpGmo-S1391	0.0070014	-2.1518	0.83144	0.002023	0.01674
718	cgpGmo-S547	0.0054011	-2.2652	0.86	-0.00035467	0.01668
719	cgpGmo-S1016	0.011202	-1.9458	0.76203	0.0054094	0.016831
720	cgpGmo-S1335	0.004801	-2.3166	0.86756	-0.0001154	0.01668
721	cgpGmo-S1055b	0.11602	-0.8819	0.14425	-0.20192	0.015188
722	cgpGmo-S2077	0.015603	-1.8	0.69441	0.010167	0.016926
723	cgpGmo-S215	0.0094019	-2.0227	0.78829	0.0048839	0.016798
724	cgpGmo-S92	0.019804	-1.6946	0.639	0.015139	0.017061
725	cgpGmo-S535b	0.0062012	-2.2048	0.84648	-0.0026885	0.016651
726	cgpGmo-S960	0.94959	1.275	0.002133	1.4635	0.069008
727	cgpGmo-S62	0.018604	-1.7222	0.65468	-0.018745	0.01651
728	cgpGmo-S276b	0.060812	-1.1888	0.27955	-0.096775	0.015949
729	cgpGmo-S2229	0.0054011	-2.2652	0.86	-0.0028686	0.016649
730	cgpGmo-S989	0.021204	-1.6643	0.6218	-0.021969	0.016478
731	cgpGmo-S211	0.0066013	-2.1775	0.83857	-0.00094281	0.01668
732	cgpGmo-S751	0.085017	-1.0319	0.20665	0.084543	0.019004
733	cgpGmo-S1101a	1	1000	0	1.5742	0.072036
734	cgpGmo-S400	0.034807	-1.4429	0.47345	-0.04767	0.016288
735	cgpGmo-S869	0.025805	-1.5769	0.55675	0.019377	0.017175
736	Gm0738_0160	0.040408	-1.3756	0.41297	0.036745	0.017654
737	cgpGmo-S1700	0.010202	-1.9869	0.77278	-0.0082347	0.016604
738	cgpGmo-S2143	0.0046009	-2.3352	0.8694	-0.0011033	0.016681
739	cgpGmo-S1406	0.022204	-1.6438	0.60938	-0.029658	0.016447
740	cgpGmo-S1432	0.0060012	-2.2191	0.85079	-0.0021577	0.016657
741	Gm0277_0199	0.013003	-1.8803	0.73774	-0.010872	0.016574
742	cgpGmo-S1163	0.0068014	-2.1644	0.83597	-0.0022482	0.016657
743	cgpGmo-S261a	0.091418	-0.99733	0.18493	0.10939	0.020024
744	cgpGmo-S1491b	0.0072014	-2.1394	0.8286	0.0017603	0.016725
745	cgpGmo-S1340	0.0060012	-2.2191	0.85079	-0.0031984	0.016646
746	cgpGmo-S975a	0.021804	-1.6519	0.61569	0.01623	0.017088
747	cgpGmo-S852	1	1000	0	2.6053	0.15798
748	cgpGmo-S1917	0.0068014	-2.1644	0.83597	-0.0030268	0.016652
749	cgpGmo-S1656	0.011402	-1.938	0.76062	-0.0092517	0.016593
750	cgpGmo-S1304a	0.046009	-1.3167	0.37212	-0.063101	0.016159
751	cgpGmo-S626a	0.0078016	-2.1044	0.81478	-0.003833	0.016638
752	cgpGmo-S938	0.999	2.9995	0.00011387	1.3333	0.058793
753	cgpGmo-S2198	0.0076015	-2.1158	0.81972	0.0037899	0.016766
754	cgpGmo-S127	0.993	2.1518	0.00063763	1.3448	0.059795
755	cgpGmo-S2056	0.028006	-1.5404	0.51872	0.023589	0.017302
756	cgpGmo-S35a	0.10382	-0.93611	0.16209	-0.1711	0.015373
757	cgpGmo-S1741	0.61252	0.19888	0.020658	0.78828	0.041169
758	cgpGmo-S454	0.005201	-2.2816	0.86313	-0.00040856	0.016686
759	cgpGmo-S2067	0.0060012	-2.2191	0.85079	0.0022285	0.016724
760	cgpGmo-S564	0.014603	-1.8292	0.71407	-0.013942	0.016547
761	cgpGmo-S1068	1	1000	0	1.7699	0.08523
762	cgpGmo-S471	0.0092018	-2.0321	0.79264	-0.0057352	0.016622
763	Gm0783_0453	0.0082016	-2.0825	0.80925	-0.0051432	0.016629
764	cgpGmo-S1703	1	1000	0	2.4316	0.13958
765	cgpGmo-S649b	0.019604	-1.6991	0.64225	-0.020185	0.016492
766	cgpGmo-S752b	0.087217	-1.0198	0.19593	0.10002	0.019692
767	cgpGmo-S1243b	0.0044009	-2.3545	0.87009	0.00089524	0.016697
768	cgpGmo-S1816	0.0042008	-2.3748	0.87078	-0.0011269	0.016671
769	cgpGmo-S1310	0.020604	-1.677	0.63231	-0.021757	0.016485
770	cgpGmo-S13b	0.9984	2.7951	0.00021147	1.2782	0.055978
771	cgpGmo-S366	0.011002	-1.9537	0.76297	-0.0040811	0.016641
772	Gm370_0380_2	0.011402	-1.938	0.76062	-0.010831	0.016579
773	cgpGmo-S515	0.026405	-1.5667	0.54478	-0.027505	0.016437
774	cgpGmo-S2086	0.017403	-1.7517	0.67176	-0.016744	0.016533
775	cgpGmo-S1026	0.059812	-1.1964	0.28829	0.052945	0.018063
776	cgpGmo-S917	0.04761	-1.3011	0.35837	0.049322	0.018129
777	cgpGmo-S418	0.0046009	-2.3352	0.8694	-0.0019148	0.016657
778	cgpGmo-S1995	0.0056011	-2.2493	0.85672	-0.00027889	0.016682
779	cgpGmo-S1761	0.004801	-2.3166	0.86756	5.63E-05	0.016682
780	cgpGmo-S126b	0.0074015	-2.1275	0.82415	-0.0035838	0.016639
781	cgpGmo-S1833	0.0080016	-2.0933	0.81133	-0.0058384	0.016621
782	cgpGmo-S4	0.020804	-1.6727	0.62888	0.020437	0.017264
783	cgpGmo-S1968	0.0090018	-2.0417	0.79612	0.0038874	0.016764
784	cgpGmo-S58b	0.022004	-1.6478	0.61193	-0.024608	0.016467
785	cgpGmo-S661a	0.0074015	-2.1275	0.82415	0.0033848	0.016758
786	cgpGmo-S1738	0.005201	-2.2816	0.86313	0.0002655	0.016691
787	cgpGmo-S1272	0.012402	-1.9011	0.74867	-0.0096291	0.016583
788	cgpGmo-S510	0.029806	-1.5126	0.5066	0.029885	0.017587
789	Gm1222_0205	0.023805	-1.6129	0.58331	-0.025356	0.016451
790	cgpGmo-S2083	0.019404	-1.7036	0.64754	-0.019948	0.016501
791	cgpGmo-S692b	0.013603	-1.8604	0.72889	-0.012057	0.016567
792	cgpGmo-S1131	0.9984	2.7951	0.00021147	1.4623	0.066193
793	cgpGmo-S1813	0.0040008	-2.3961	0.872	-0.00043282	0.016684
794	cgpGmo-S1183	0.997	2.5215	0.00040534	1.2345	0.054049
795	cgpGmo-S906	0.0086017	-2.0617	0.80339	0.003913	0.016767
796	cgpGmo-S2001	0.0062012	-2.2048	0.84648	-0.00076457	0.016675
797	Gm0684_0098	0.041408	-1.3645	0.41001	-0.0542	0.016229
798	cgpGmo-S1981	0.059012	-1.2026	0.29682	0.057134	0.018233
799	cgpGmo-S430b	0.0062012	-2.2048	0.84648	0.0017662	0.016729
800	cgpGmo-S224	0.005001	-2.2988	0.86553	-0.0016547	0.01667
801	Gm0706_0248	0.030606	-1.5007	0.49602	-0.034795	0.01638
802	cgpGmo-S2042	0.0094019	-2.0227	0.78829	-0.0058185	0.016626
803	cgpGmo-S1484	0.25825	-0.45821	0.083569	-0.45381	0.013287
804	cgpGmo-S1287	0.016203	-1.7833	0.68223	-0.014601	0.016551
805	cgpGmo-S2054	0.0046009	-2.3352	0.8694	0.0012424	0.016704
806	cgpGmo-S163	0.012803	-1.8871	0.74333	-0.0093692	0.016603
807	cgpGmo-S1556	0.012202	-1.9082	0.75126	0.0082344	0.01692
808	cgpGmo-S865	0.0088018	-2.0516	0.80048	0.0018009	0.016733
809	cgpGmo-S1482	0.012603	-1.894	0.74495	-0.0098401	0.016585
810	Pan1	1	1000	0	2.8965	0.19271
811	cgpGmo-S1852	0.0074015	-2.1275	0.82415	-0.0039691	0.016638
812	cgpGmo-S583	0.009802	-2.0044	0.77982	-0.0049655	0.016632
813	cgpGmo-S1338	0.036807	-1.4178	0.45137	-0.04498	0.016293
814	cgpGmo-S842	0.0060012	-2.2191	0.85079	-0.00322	0.016655
815	cgpGmo-S309	0.05021	-1.2768	0.34399	0.051065	0.018115
816	cgpGmo-S1683	0.033407	-1.4614	0.48043	-0.049018	0.016294
817	cgpGmo-S1896	0.79316	0.58372	0.010239	0.86598	0.04093
818	cgpGmo-S2196	0.025405	-1.5839	0.5633	0.019631	0.01719
819	cgpGmo-S1463b	0.018404	-1.727	0.65863	-0.018052	0.016506
820	cgpGmo-S1461a	0.038608	-1.3962	0.43284	-0.043792	0.016286
821	cgpGmo-S1763	0.15603	-0.73311	0.11977	0.16744	0.021347
822	cgpGmo-S643a	0.009802	-2.0044	0.77982	-0.0079462	0.016596
823	cgpGmo-S2219	0.0044009	-2.3545	0.87009	0.00079674	0.016697
824	cgpGmo-S496	0.016003	-1.7888	0.68722	-0.014666	0.016552
825	cgpGmo-S348	0.0046009	-2.3352	0.8694	0.00070958	0.016696
826	cgpGmo-S1913	0.027005	-1.5567	0.53581	-0.029636	0.016422
827	cgpGmo-S1856	0.010202	-1.9869	0.77278	-0.006183	0.016614
828	cgpGmo-S57	0.0084017	-2.072	0.80621	-0.0014776	0.016683
829	cgpGmo-S1910	0.027005	-1.5567	0.53581	-0.032903	0.0164
830	cgpGmo-S1908	0.0088018	-2.0516	0.80048	-0.0043469	0.016637
831	cgpGmo-S2003	0.0062012	-2.2048	0.84648	-0.00078746	0.016697
832	cgpGmo-S1817	0.037608	-1.4081	0.4462	0.045024	0.018189
833	cgpGmo-S818a	0.014403	-1.8353	0.72006	-0.011381	0.016574
834	cgpGmo-S464	0.016203	-1.7833	0.68223	-0.017114	0.016527
835	cgpGmo-S1296	0.011002	-1.9537	0.76297	-0.0055753	0.016618
836	Gm0289_0495	0.062613	-1.1753	0.27057	0.060932	0.018349
837	cgpGmo-S426	0.0062012	-2.2048	0.84648	0.0031616	0.016753
838	cgpGmo-S763	0.045809	-1.3187	0.37547	-0.068295	0.016144
839	cgpGmo-S1218	0.015003	-1.8173	0.70421	-0.013896	0.016545
840	cgpGmo-S421	0.013403	-1.8669	0.73131	-0.0090618	0.016592
841	cgpGmo-S819b	0.005001	-2.2988	0.86553	0.00078436	0.016699
842	cgpGmo-S1104	0.0062012	-2.2048	0.84648	-0.0015024	0.016664
843	cgpGmo-S316	0.017804	-1.7417	0.66626	-0.018377	0.016519
844	Gm_fshb_1_1	0.030006	-1.5096	0.50242	-0.037008	0.01636
845	cgpGmo-S875b	1	1000	0	2.3471	0.13104
846	cgpGmo-S2156	0.0054011	-2.2652	0.86	-0.0033003	0.016645
847	cgpGmo-S1097	0.012402	-1.9011	0.74867	0.0082421	0.016906
848	cgpGmo-S2223	0.0054011	-2.2652	0.86	-0.00067212	0.01668
849	cgpGmo-S1048	0.10482	-0.93146	0.15622	-0.17908	0.015339
850	cgpGmo-S1430b	0.012803	-1.8871	0.74333	0.0073031	0.016851
851	cgpGmo-S1667	0.0070014	-2.1518	0.83144	-0.0010914	0.016668
852	cgpGmo-S1157	0.68954	0.34655	0.013303	0.86606	0.043176
853	Gm1339_0238	0.0078016	-2.1044	0.81478	0.0041537	0.016775
854	cgpGmo-S891	0.005001	-2.2988	0.86553	-0.0013183	0.016666
855	cgpGmo-S966	0.023605	-1.6166	0.58909	-0.025212	0.016454
856	cgpGmo-S668	0.0060012	-2.2191	0.85079	0.0015502	0.016714
857	cgpGmo-S1659	0.010202	-1.9869	0.77278	0.0042323	0.016786
858	cgpGmo-S392	0.010802	-1.9618	0.76573	-0.0088824	0.0166
859	cgpGmo-S283	0.9958	2.3748	0.0005001	1.3982	0.062868
860	Gm_cbr1l1_4	0.010202	-1.9869	0.77278	0.0023196	0.01676
861	cgpGmo-S1783	0.018204	-1.7319	0.66248	-0.015797	0.016527
862	cgpGmo-S2164	0.017804	-1.7417	0.66626	-0.016791	0.016521
863	cgpGmo-S1370	0.0070014	-2.1518	0.83144	-0.0017534	0.016666
864	cgpGmo-S52	0.009802	-2.0044	0.77982	-0.0055571	0.016623
865	cgpGmo-S1812	0.0056011	-2.2493	0.85672	-0.00090484	0.016675
866	cgpGmo-S1430a	0.019204	-1.7082	0.64961	0.014132	0.017033
867	cgpGmo-S1339	0.0084017	-2.072	0.80621	-0.0036708	0.016638
868	cgpGmo-S1089	0.9988	2.9202	0.00013033	1.3008	0.057264
869	Gm278_0092	0.011802	-1.9229	0.75677	-0.01022	0.016591
870	cgpGmo-S541b	0.0068014	-2.1644	0.83597	-0.0031526	0.01665
871	cgpGmo-S1609b	0.047209	-1.305	0.36532	-0.053684	0.0162
872	cgpGmo-S2081	0.011802	-1.9229	0.75677	-0.0084171	0.016592
873	cgpGmo-S1276a	0.054411	-1.24	0.32898	0.050078	0.018011
874	cgpGmo-S1972	0.005001	-2.2988	0.86553	-0.0006194	0.016675
875	cgpGmo-S419	0.9998	3.6988	1.45E-05	1.3775	0.061063
876	cgpGmo-S785b	0.059012	-1.2026	0.29682	-0.088593	0.015991
877	cgpGmo-S988	0.004801	-2.3166	0.86756	-0.00090498	0.016671
878	cgpGmo-S1232	0.015203	-1.8114	0.70052	-0.013011	0.016562
879	cgpGmo-S525	0.0068014	-2.1644	0.83597	-0.0014147	0.016666
880	cgpGmo-S841	0.024205	-1.6055	0.57277	-0.027399	0.01644
881	cgpGmo-S180b	0.095419	-0.97681	0.17363	0.11753	0.020287
882	cgpGmo-S1063	0.0040008	-2.3961	0.872	-0.00013731	0.016681
883	cgpGmo-S627	0.005201	-2.2816	0.86313	0.00048936	0.016695
884	cgpGmo-S330	0.023805	-1.6129	0.58331	-0.025506	0.016442
885	cgpGmo-S206	0.11042	-0.90613	0.15026	-0.1864	0.015272
886	cgpGmo-S1922	0.026605	-1.5633	0.53944	-0.028743	0.016419
887	cgpGmo-S1646	0.0060012	-2.2191	0.85079	-0.002277	0.016656
888	cgpGmo-S1743	0.0062012	-2.2048	0.84648	-0.0017388	0.016661
889	cgpGmo-S976b	0.016003	-1.7888	0.68722	-0.011359	0.016564
890	cgpGmo-S177a	0.0064013	-2.1909	0.84273	0.00098971	0.016706
891	cgpGmo-S1650	0.0082016	-2.0825	0.80925	-0.004583	0.016637
892	cgpGmo-S442a	0.015803	-1.7943	0.69046	-0.01203	0.016573
893	cgpGmo-S1095	0.56351	0.11093	0.024775	0.59738	0.033139
894	cgpGmo-S37a	0.0088018	-2.0516	0.80048	-0.0016019	0.01667
895	cgpGmo-S602	0.0064013	-2.1909	0.84273	-0.0014245	0.016671
896	cgpGmo-S1300a	0.010802	-1.9618	0.76573	-0.0081639	0.016597
897	cgpGmo-S1845	1	1000	0	1.9857	0.099454
898	cgpGmo-S995a	0.0038008	-2.4185	0.87267	2.14E-05	0.016686
899	Rhod_1_1	1	1000	0	3.0809	0.21741
900	cgpGmo-S1268	1	1000	0	1.5416	0.069936
901	cgpGmo-S306a	0.011602	-1.9304	0.75919	-0.010573	0.016583
902	cgpGmo-S788	0.0074015	-2.1275	0.82415	0.0032061	0.01675
903	cgpGmo-S1265c	0.010802	-1.9618	0.76573	-0.008182	0.016608
904	cgpGmo-S1999	0.021804	-1.6519	0.61569	0.019625	0.017214
905	cgpGmo-S1216a	0.022805	-1.632	0.60151	-0.025943	0.016458
906	cgpGmo-S723	0.0066013	-2.1775	0.83857	-0.002707	0.016647
907	cgpGmo-S584	0.9896	1.9783	0.0011391	1.2263	0.05387
908	cgpGmo-S149	0.0036007	-2.442	0.87346	0.0004826	0.016689
909	cgpGmo-S899	0.014003	-1.8477	0.72455	0.011814	0.017019
910	cgpGmo-S626b	0.092018	-0.9942	0.17932	-0.14702	0.015552
911	cgpGmo-S233	0.0060012	-2.2191	0.85079	0.0020437	0.016729
912	cgpGmo-S1252	0.0058012	-2.234	0.85399	-0.0022099	0.016654
913	cgpGmo-S1795	0.9976	2.6187	0.00026672	1.4366	0.064711
914	cgpGmo-S93	0.030806	-1.4978	0.49384	-0.037288	0.016364
915	cgpGmo-S962b	0.0054011	-2.2652	0.86	-0.001028	0.01668
916	cgpGmo-S360	1	1000	0	2.411	0.13725
917	cgpGmo-S1051	0.0066013	-2.1775	0.83857	-3.54E-05	0.016696
918	cgpGmo-S2171	0.022805	-1.632	0.60151	-0.02353	0.016472
919	cgpGmo-S294	0.0046009	-2.3352	0.8694	-0.0009901	0.016671
920	cgpGmo-S1945	0.053811	-1.2451	0.33279	0.054199	0.018218
921	cgpGmo-S2079	0.0070014	-2.1518	0.83144	-0.0017591	0.016671
922	cgpGmo-S1454	0.0062012	-2.2048	0.84648	-0.0022028	0.016662
923	cgpGmo-S1018a	0.998	2.698	0.00023667	1.374	0.061118
924	cgpGmo-S1085a	0.0056011	-2.2493	0.85672	8.72E-05	0.016688
925	cgpGmo-S229	0.038408	-1.3986	0.43826	-0.049883	0.016265
926	cgpGmo-S632a	0.024005	-1.6091	0.57584	-0.028552	0.016441
927	cgpGmo-S1797	0.010002	-1.9955	0.7749	-0.0048324	0.016627
928	cgpGmo-S581	0.022805	-1.632	0.60151	-0.026258	0.016445
929	cgpGmo-S1274	0.013003	-1.8803	0.73774	-0.010068	0.016582
930	Gm0668_0260	0.0054011	-2.2652	0.86	0.002169	0.016732
931	cgpGmo-S1196b	0.060812	-1.1888	0.27955	0.054213	0.018123
932	cgpGmo-S1824	0.015603	-1.8	0.69441	0.010663	0.016947
933	cgpGmo-S669	0.0060012	-2.2191	0.85079	0.0014872	0.016731
934	cgpGmo-S2173	0.0058012	-2.234	0.85399	-0.00025012	0.016682
935	cgpGmo-S2059	0.0040008	-2.3961	0.872	0.001242	0.016705
