    prob  log10(PO)   qval  alpha  fst
1  0.00660132 -2.17749 0.838573 0.0011681 0.016711 
2  0.039608 -1.3847 0.41879 0.035968 0.017626 
3  0.13663 -0.80066 0.12597 -0.25037 0.014872 
4  0.0094019 -2.0227 0.78829 -0.0075093 0.016608 
5  0.026205 -1.5701 0.54653 -0.029985 0.016414 
6  0.015803 -1.7943 0.69046 0.011087 0.017012 
7  0.010202 -1.9869 0.77278 -0.0060412 0.016630 
8  0.016003 -1.7888 0.68722 -0.013530 0.016550 
9  0.0038008 -2.4185 0.87267 -0.00071691 0.016673 
10  0.94659 1.2485 0.0032446 1.2024 0.053902 
11  0.0048010 -2.3166 0.86756 0.00064841 0.016701 
12  0.0060012 -2.2191 0.85079 -0.0013567 0.016675 
13  0.012002 -1.9155 0.75379 -0.010774 0.016577 
14  0.015803 -1.7943 0.69046 -0.014106 0.016555 
15  0.0060012 -2.2191 0.85079 -0.0031086 0.016648 
16  0.0064013 -2.1909 0.84273 0.0017970 0.016728 
17  0.0050010 -2.2988 0.86553 0.00018652 0.016686 
18  0.0086017 -2.0617 0.80339 -0.0056610 0.016625 
19  1.0000 1000.0 0.0000 3.0844 0.21780 
20  1.0000 1000.0 0.0000 2.1130 0.11016 
21  0.85037 0.75459 0.0081912 1.1416 0.053376 
22  0.25985 -0.45459 0.077692 0.29304 0.025018 
23  0.0092018 -2.0321 0.79264 -0.0035197 0.016675 
24  0.0094019 -2.0227 0.78829 0.0042327 0.016784 
25  0.0052010 -2.2816 0.86313 -0.0023711 0.016650 
26  0.0076015 -2.1158 0.81972 0.0011014 0.016709 
27  0.069814 -1.1246 0.23735 -0.10477 0.015857 
28  0.0066013 -2.1775 0.83857 -0.0035679 0.016647 
29  0.0076015 -2.1158 0.81972 -0.00096361 0.016695 
30  0.010002 -1.9955 0.77490 0.0064698 0.016852 
31  0.010402 -1.9783 0.76975 -0.0048916 0.016634 
32  0.0078016 -2.1044 0.81478 -0.0016938 0.016670 
33  0.014403 -1.8353 0.72006 -0.011628 0.016564 
34  0.012803 -1.8871 0.74333 -0.0061913 0.016615 
35  0.44369 -0.098239 0.056296 0.52527 0.032139 
36  0.0062012 -2.2048 0.84648 -0.0013540 0.016661 
37  0.015203 -1.8114 0.70052 -0.014244 0.016544 
38  0.064213 -1.1636 0.26138 0.071985 0.018821 
39  0.015003 -1.8173 0.70421 0.010195 0.016953 
40  1.0000 1000.0 0.0000 1.5607 0.071440 
41  0.0094019 -2.0227 0.78829 -0.0069043 0.016606 
42  0.0068014 -2.1644 0.83597 -0.0028964 0.016648 
43  0.038408 -1.3986 0.43826 -0.048974 0.016272 
44  0.015403 -1.8057 0.69825 0.012345 0.017022 
45  0.021404 -1.6601 0.61816 -0.025150 0.016462 
46  0.0072014 -2.1394 0.82860 -0.0011279 0.016681 
47  0.0086017 -2.0617 0.80339 -0.0047589 0.016633 
48  0.032607 -1.4723 0.48498 -0.036699 0.016370 
49  0.0050010 -2.2988 0.86553 -9.8485e-05 0.016682 
50  0.0088018 -2.0516 0.80048 0.0055728 0.016811 
51  0.0058012 -2.2340 0.85399 0.0011181 0.016701 
52  0.0068014 -2.1644 0.83597 -0.0036103 0.016643 
53  0.0084017 -2.0720 0.80621 0.0032362 0.016753 
54  0.012002 -1.9155 0.75379 -0.010011 0.016581 
55  0.0080016 -2.0933 0.81133 -0.0030960 0.016656 
56  0.0046009 -2.3352 0.86940 0.0018176 0.016719 
57  0.0088018 -2.0516 0.80048 -0.0060566 0.016633 
58  1.0000 1000.0 0.0000 1.7221 0.081361 
59  0.47289 -0.047133 0.042144 0.52303 0.031402 
60  0.0060012 -2.2191 0.85079 0.0014649 0.016720 
61  0.0092018 -2.0321 0.79264 0.0044646 0.016796 
62  0.0052010 -2.2816 0.86313 0.00062501 0.016698 
63  0.039008 -1.3916 0.43008 -0.049033 0.016270 
64  1.0000 1000.0 0.0000 2.1957 0.11708 
65  0.0054011 -2.2652 0.86000 -0.0027128 0.016650 
66  0.019604 -1.6991 0.64225 -0.019135 0.016501 
67  0.020204 -1.6857 0.63569 0.015734 0.017071 
68  0.0060012 -2.2191 0.85079 -0.0011705 0.016671 
69  1.0000 1000.0 0.0000 1.3701 0.060352 
70  0.0054011 -2.2652 0.86000 -4.0477e-05 0.016686 
71  0.013203 -1.8736 0.73369 -0.011650 0.016565 
72  0.0076015 -2.1158 0.81972 0.00017732 0.016703 
73  0.016003 -1.7888 0.68722 -0.014525 0.016549 
74  0.0064013 -2.1909 0.84273 -0.0037419 0.016644 
75  0.013203 -1.8736 0.73369 -0.012034 0.016564 
76  1.0000 1000.0 0.0000 1.5187 0.069025 
77  0.0064013 -2.1909 0.84273 -0.0048510 0.016631 
78  0.0072014 -2.1394 0.82860 -0.0026712 0.016655 
79  0.0054011 -2.2652 0.86000 0.0018853 0.016722 
80  0.0076015 -2.1158 0.81972 0.0028443 0.016755 
81  0.027405 -1.5501 0.53212 -0.032213 0.016400 
82  0.010402 -1.9783 0.76975 -0.0062545 0.016625 
83  0.014403 -1.8353 0.72006 0.0081256 0.016872 
84  0.069614 -1.1260 0.24227 0.072194 0.018706 
85  0.98580 1.8414 0.0014141 1.3069 0.058136 
86  0.024405 -1.6018 0.57122 -0.026394 0.016454 
87  0.0056011 -2.2493 0.85672 -0.0010837 0.016674 
88  0.018204 -1.7319 0.66248 0.013126 0.017004 
89  0.013003 -1.8803 0.73774 -0.010816 0.016575 
90  0.029406 -1.5186 0.51070 -0.034817 0.016374 
91  0.0088018 -2.0516 0.80048 -0.0069379 0.016615 
92  1.0000 1000.0 0.0000 1.8241 0.088313 
93  0.0084017 -2.0720 0.80621 -0.0038532 0.016639 
94  0.0038008 -2.4185 0.87267 0.00048289 0.016696 
95  0.0044009 -2.3545 0.87009 -0.00084697 0.016671 
96  0.017003 -1.7620 0.67708 -0.018621 0.016509 
97  0.011802 -1.9229 0.75677 -0.0062420 0.016617 
98  0.013803 -1.8540 0.72518 -0.011974 0.016566 
99  0.0086017 -2.0617 0.80339 -0.0055495 0.016634 
100  0.0056011 -2.2493 0.85672 -0.0017147 0.016663 
101  0.013203 -1.8736 0.73369 -0.0095735 0.016591 
102  0.021004 -1.6685 0.62537 0.015794 0.017077 
103  0.0048010 -2.3166 0.86756 -0.00025546 0.016678 
104  0.0046009 -2.3352 0.86940 -0.00070067 0.016676 
105  1.0000 1000.0 0.0000 1.6791 0.078391 
106  0.014603 -1.8292 0.71407 -0.010229 0.016586 
107  0.019004 -1.7128 0.65267 0.012554 0.016993 
108  0.0066013 -2.1775 0.83857 0.00080277 0.016706 
109  0.025605 -1.5804 0.56005 0.024650 0.017376 
110  0.0072014 -2.1394 0.82860 -0.0019761 0.016661 
111  0.047409 -1.3030 0.36187 -0.066272 0.016150 
112  0.019804 -1.6946 0.63900 -0.020523 0.016490 
113  0.012603 -1.8940 0.74495 -0.010233 0.016585 
114  0.023405 -1.6204 0.59192 0.018252 0.017155 
115  0.027405 -1.5501 0.53212 -0.031283 0.016398 
116  0.0098020 -2.0044 0.77982 0.0064997 0.016837 
117  1.0000 1000.0 0.0000 2.8188 0.18283 
118  0.0088018 -2.0516 0.80048 -0.0067438 0.016612 
119  0.0094019 -2.0227 0.78829 0.0041348 0.016785 
120  1.0000 1000.0 0.0000 1.4712 0.066291 
121  1.0000 1000.0 0.0000 2.0457 0.10430 
122  1.0000 1000.0 0.0000 2.8583 0.18768 
123  0.035807 -1.4302 0.46386 -0.046508 0.016283 
124  0.0056011 -2.2493 0.85672 0.0011132 0.016706 
125  0.0058012 -2.2340 0.85399 -0.0038467 0.016644 
126  0.0096019 -2.0135 0.78298 -0.0064639 0.016619 
127  0.037808 -1.4057 0.44358 -0.047075 0.016273 
128  0.044809 -1.3287 0.38849 -0.060232 0.016183 
129  0.012402 -1.9011 0.74867 -0.0091863 0.016598 
130  0.074815 -1.0922 0.22733 0.073907 0.018699 
131  0.011202 -1.9458 0.76203 -0.0097848 0.016588 
132  0.014603 -1.8292 0.71407 0.010787 0.016952 
133  0.0076015 -2.1158 0.81972 0.0022776 0.016740 
134  0.010602 -1.9700 0.76753 -0.0058232 0.016624 
135  0.017003 -1.7620 0.67708 -0.018432 0.016520 
136  0.0098020 -2.0044 0.77982 -0.0048076 0.016629 
137  0.016203 -1.7833 0.68223 0.0095689 0.016918 
138  0.027405 -1.5501 0.53212 -0.031067 0.016401 
139  0.0054011 -2.2652 0.86000 -4.2012e-05 0.016689 
140  0.031606 -1.4863 0.49165 0.031578 0.017594 
141  0.035007 -1.4404 0.47109 -0.038424 0.016335 
142  0.017403 -1.7517 0.67176 -0.016347 0.016546 
143  0.0094019 -2.0227 0.78829 0.00072927 0.016705 
144  0.0042008 -2.3748 0.87078 0.00066027 0.016692 
145  0.0078016 -2.1044 0.81478 0.00025562 0.016713 
146  0.0078016 -2.1044 0.81478 0.0027211 0.016746 
147  0.023805 -1.6129 0.58331 -0.022544 0.016466 
148  0.99120 2.0516 0.00082456 1.4082 0.063521 
149  0.0060012 -2.2191 0.85079 -0.0041593 0.016658 
150  0.94799 1.2607 0.0026872 1.1775 0.052489 
151  0.0046009 -2.3352 0.86940 -0.00083944 0.016673 
152  0.0040008 -2.3961 0.87200 0.00056973 0.016694 
153  0.010602 -1.9700 0.76753 -0.0068273 0.016612 
154  0.0082016 -2.0825 0.80925 -0.0021564 0.016665 
155  0.0090018 -2.0417 0.79612 0.0047697 0.016788 
156  0.020804 -1.6727 0.62888 -0.019865 0.016498 
157  0.013403 -1.8669 0.73131 -0.013426 0.016564 
158  0.0088018 -2.0516 0.80048 -0.0058898 0.016625 
159  0.018404 -1.7270 0.65863 -0.018280 0.016505 
160  0.0084017 -2.0720 0.80621 -0.0058382 0.016632 
161  0.014403 -1.8353 0.72006 -0.012776 0.016566 
162  0.0068014 -2.1644 0.83597 0.0031718 0.016753 
163  0.010402 -1.9783 0.76975 0.0065376 0.016881 
164  0.0094019 -2.0227 0.78829 -0.0051385 0.016637 
165  0.0090018 -2.0417 0.79612 -0.0052563 0.016627 
166  0.0066013 -2.1775 0.83857 -0.0033777 0.016642 
167  0.0052010 -2.2816 0.86313 -0.00034496 0.016679 
168  0.0058012 -2.2340 0.85399 0.00048566 0.016702 
169  0.017003 -1.7620 0.67708 0.014109 0.017061 
170  0.0098020 -2.0044 0.77982 0.0051488 0.016804 
171  0.017003 -1.7620 0.67708 0.014831 0.017081 
172  0.0064013 -2.1909 0.84273 0.0034762 0.016768 
173  0.0052010 -2.2816 0.86313 -0.0030222 0.016645 
174  0.012803 -1.8871 0.74333 -0.010374 0.016578 
175  1.0000 1000.0 0.0000 1.6531 0.076929 
176  0.0076015 -2.1158 0.81972 -0.0045431 0.016631 
177  0.013403 -1.8669 0.73131 0.010183 0.016958 
178  0.34307 -0.28214 0.071724 0.44620 0.030661 
179  0.015003 -1.8173 0.70421 -0.011901 0.016556 
180  0.99840 2.7951 0.00021147 1.3176 0.058160 
181  0.0096019 -2.0135 0.78298 -0.0039208 0.016635 
182  1.0000 1000.0 0.0000 1.6164 0.074492 
183  0.0074015 -2.1275 0.82415 -0.0037851 0.016643 
184  0.012803 -1.8871 0.74333 -0.010176 0.016585 
185  0.086817 -1.0220 0.20133 0.087160 0.019048 
186  1.0000 1000.0 0.0000 2.7073 0.16944 
187  0.0060012 -2.2191 0.85079 0.0010545 0.016704 
188  0.032006 -1.4806 0.48945 -0.036973 0.016361 
189  0.0068014 -2.1644 0.83597 -0.0017806 0.016664 
190  0.029606 -1.5156 0.50866 0.030529 0.017586 
191  0.039008 -1.3916 0.43008 0.044499 0.018035 
192  0.060612 -1.1903 0.28395 -0.092329 0.015955 
193  0.012202 -1.9082 0.75126 -0.010664 0.016585 
194  0.0050010 -2.2988 0.86553 -0.00094786 0.016671 
195  0.0072014 -2.1394 0.82860 -0.0034554 0.016645 
196  0.0090018 -2.0417 0.79612 -0.0050467 0.016621 
197  0.0074015 -2.1275 0.82415 -0.0039950 0.016635 
198  0.013403 -1.8669 0.73131 -0.011611 0.016567 
199  0.014603 -1.8292 0.71407 -0.013574 0.016551 
200  1.0000 1000.0 0.0000 3.0318 0.21047 
201  0.0070014 -2.1518 0.83144 0.0016720 0.016723 
202  0.014803 -1.8232 0.70923 -0.012689 0.016558 
203  0.015603 -1.8000 0.69441 -0.013138 0.016555 
204  0.039408 -1.3870 0.42449 -0.051053 0.016250 
205  0.0036007 -2.4420 0.87346 0.0018441 0.016725 
206  0.020404 -1.6813 0.63344 -0.023757 0.016473 
207  0.0092018 -2.0321 0.79264 -0.0067974 0.016612 
208  0.012402 -1.9011 0.74867 0.0082786 0.016897 
209  0.0080016 -2.0933 0.81133 -0.0033979 0.016643 
210  0.0078016 -2.1044 0.81478 0.00090775 0.016717 
211  0.022404 -1.6398 0.60548 -0.022240 0.016468 
212  0.012803 -1.8871 0.74333 -0.011930 0.016571 
213  0.012803 -1.8871 0.74333 0.0086727 0.016925 
214  0.014603 -1.8292 0.71407 0.010233 0.016989 
215  0.99960 3.3977 3.4490e-05 1.3098 0.057673 
216  0.0092018 -2.0321 0.79264 -0.0029625 0.016659 
217  0.0076015 -2.1158 0.81972 0.0034012 0.016761 
218  0.021404 -1.6601 0.61816 0.015446 0.017059 
219  0.99960 3.3977 3.4490e-05 1.4115 0.063086 
220  0.0058012 -2.2340 0.85399 0.0011769 0.016707 
221  0.0088018 -2.0516 0.80048 -0.0041882 0.016638 
222  0.015403 -1.8057 0.69825 -0.014704 0.016548 
223  0.047810 -1.2992 0.35484 -0.070483 0.016130 
224  0.012202 -1.9082 0.75126 -0.010506 0.016578 
225  0.0048010 -2.3166 0.86756 -0.00089405 0.016670 
226  0.0054011 -2.2652 0.86000 0.00073730 0.016699 
227  0.036607 -1.4202 0.45643 -0.043924 0.016295 
228  0.027806 -1.5436 0.52263 -0.029578 0.016418 
229  0.018404 -1.7270 0.65863 0.013936 0.017037 
230  0.0054011 -2.2652 0.86000 0.00098935 0.016704 
231  0.0078016 -2.1044 0.81478 -0.0048612 0.016634 
232  0.014003 -1.8477 0.72455 -0.011987 0.016570 
233  0.0060012 -2.2191 0.85079 -0.0030402 0.016648 
234  0.0072014 -2.1394 0.82860 -0.0036507 0.016645 
235  0.0068014 -2.1644 0.83597 0.0029920 0.016755 
236  0.54731 0.082432 0.028970 0.67666 0.037087 
237  0.012002 -1.9155 0.75379 -0.0079127 0.016603 
238  0.99900 2.9995 0.00011387 1.3192 0.058195 
239  0.0088018 -2.0516 0.80048 -0.0043511 0.016635 
240  0.0060012 -2.2191 0.85079 0.0021993 0.016736 
241  0.99220 2.1044 0.00072607 1.2967 0.057346 
242  0.36647 -0.23772 0.066404 0.44082 0.029734 
243  0.090618 -1.0015 0.19046 0.11358 0.020241 
244  0.010802 -1.9618 0.76573 -0.0052850 0.016625 
245  0.0066013 -2.1775 0.83857 0.0010105 0.016714 
246  0.012002 -1.9155 0.75379 -0.0094801 0.016599 
247  0.0054011 -2.2652 0.86000 -0.00026666 0.016680 
248  0.011402 -1.9380 0.76062 0.0069840 0.016855 
249  0.023405 -1.6204 0.59192 -0.024950 0.016459 
250  0.0074015 -2.1275 0.82415 -0.0023853 0.016661 
251  0.0072014 -2.1394 0.82860 0.0027005 0.016741 
252  0.0070014 -2.1518 0.83144 -0.0022647 0.016658 
253  0.013003 -1.8803 0.73774 -0.0085215 0.016603 
254  0.0046009 -2.3352 0.86940 0.0010843 0.016713 
255  0.0088018 -2.0516 0.80048 -0.0044984 0.016633 
256  0.0090018 -2.0417 0.79612 -0.0077858 0.016601 
257  0.010602 -1.9700 0.76753 -0.0068717 0.016609 
258  0.99700 2.5215 0.00040534 1.3292 0.059029 
259  1.0000 1000.0 0.0000 1.8246 0.088027 
260  0.0052010 -2.2816 0.86313 0.00013718 0.016687 
261  0.010202 -1.9869 0.77278 0.0066821 0.016837 
262  0.0052010 -2.2816 0.86313 0.00027161 0.016690 
263  0.064813 -1.1592 0.25670 0.070018 0.018692 
264  0.024005 -1.6091 0.57584 -0.027665 0.016437 
265  0.51870 0.032507 0.037481 0.60546 0.034305 
266  0.010002 -1.9955 0.77490 -0.0072537 0.016602 
267  0.014403 -1.8353 0.72006 -0.011011 0.016572 
268  0.030006 -1.5096 0.50242 -0.039315 0.016353 
269  0.0074015 -2.1275 0.82415 -0.0047989 0.016635 
270  0.032406 -1.4751 0.48722 -0.044760 0.016308 
271  0.017804 -1.7417 0.66626 -0.019211 0.016511 
272  0.45369 -0.080679 0.046900 0.53801 0.032554 
273  0.037808 -1.4057 0.44358 0.039493 0.017902 
274  0.015403 -1.8057 0.69825 -0.013695 0.016548 
275  0.022404 -1.6398 0.60548 -0.027026 0.016456 
276  0.015003 -1.8173 0.70421 -0.012427 0.016559 
277  0.019204 -1.7082 0.64961 -0.020873 0.016504 
278  0.015003 -1.8173 0.70421 -0.012840 0.016566 
279  0.0064013 -2.1909 0.84273 -0.0019276 0.016662 
280  0.023605 -1.6166 0.58909 -0.026573 0.016439 
281  0.0072014 -2.1394 0.82860 -0.0038054 0.016641 
282  0.18044 -0.65726 0.10747 0.19701 0.022223 
283  0.013203 -1.8736 0.73369 -0.011476 0.016570 
284  0.018404 -1.7270 0.65863 -0.017195 0.016512 
285  0.0072014 -2.1394 0.82860 -0.0015660 0.016678 
286  0.014003 -1.8477 0.72455 0.0091282 0.016904 
287  0.0050010 -2.2988 0.86553 0.00025759 0.016690 
288  1.0000 1000.0 0.0000 1.6038 0.073311 
289  0.042208 -1.3559 0.40703 -0.056329 0.016214 
290  0.0040008 -2.3961 0.87200 2.7896e-05 0.016680 
291  0.0058012 -2.2340 0.85399 -0.0028576 0.016646 
292  1.0000 1000.0 0.0000 1.6223 0.074493 
293  0.0038008 -2.4185 0.87267 -4.6847e-05 0.016680 
294  0.0036007 -2.4420 0.87346 -0.0014500 0.016663 
295  0.0064013 -2.1909 0.84273 -0.00069700 0.016681 
296  0.011602 -1.9304 0.75919 0.0076866 0.016873 
297  0.015403 -1.8057 0.69825 -0.014801 0.016544 
298  0.0068014 -2.1644 0.83597 -0.0028059 0.016652 
299  0.0050010 -2.2988 0.86553 -0.0010982 0.016675 
300  0.019004 -1.7128 0.65267 -0.018640 0.016516 
301  0.0090018 -2.0417 0.79612 0.0048601 0.016790 
302  0.010002 -1.9955 0.77490 0.0052496 0.016804 
303  0.026405 -1.5667 0.54478 -0.031000 0.016410 
304  0.0098020 -2.0044 0.77982 -0.0080769 0.016606 
305  0.018204 -1.7319 0.66248 -0.017214 0.016527 
306  0.62533 0.22245 0.016953 0.72463 0.037663 
307  0.0094019 -2.0227 0.78829 -0.0052461 0.016635 
308  0.0064013 -2.1909 0.84273 0.0029234 0.016743 
309  0.023205 -1.6242 0.59471 -0.024451 0.016465 
310  0.011202 -1.9458 0.76203 0.0063587 0.016836 
311  0.026005 -1.5735 0.54999 -0.029103 0.016424 
312  0.0050010 -2.2988 0.86553 -0.00067431 0.016675 
313  0.12663 -0.83868 0.13819 -0.21318 0.015089 
314  0.0068014 -2.1644 0.83597 -0.0035725 0.016642 
315  0.065213 -1.1564 0.25195 -0.10327 0.015897 
316  0.065213 -1.1564 0.25195 -0.10596 0.015894 
317  0.0048010 -2.3166 0.86756 -0.00052046 0.016678 
318  0.0076015 -2.1158 0.81972 0.0045949 0.016802 
319  0.0062012 -2.2048 0.84648 -0.0011902 0.016667 
320  0.0062012 -2.2048 0.84648 -0.0039983 0.016638 
321  0.014203 -1.8414 0.72200 0.0091927 0.016899 
322  0.0072014 -2.1394 0.82860 0.0040813 0.016792 
323  0.022204 -1.6438 0.60938 -0.024296 0.016472 
324  0.0070014 -2.1518 0.83144 -0.0036862 0.016642 
325  0.021004 -1.6685 0.62537 -0.022750 0.016479 
326  0.99700 2.5215 0.00040534 1.7023 0.082911 
327  0.026005 -1.5735 0.54999 0.021218 0.017231 
328  0.99940 3.2215 7.0982e-05 1.2949 0.056810 
329  0.0064013 -2.1909 0.84273 -0.0015444 0.016666 
330  0.018004 -1.7368 0.66344 -0.017057 0.016523 
331  0.0074015 -2.1275 0.82415 -0.0047090 0.016635 
332  0.010802 -1.9618 0.76573 -0.0069948 0.016610 
333  0.0060012 -2.2191 0.85079 -0.00015264 0.016687 
334  0.0092018 -2.0321 0.79264 -0.0054307 0.016633 
335  0.015403 -1.8057 0.69825 0.012634 0.017014 
336  0.0058012 -2.2340 0.85399 -0.0036932 0.016646 
337  1.0000 1000.0 0.0000 2.1690 0.11469 
338  0.0058012 -2.2340 0.85399 0.00015229 0.016697 
339  0.0072014 -2.1394 0.82860 0.00065273 0.016704 
340  0.0056011 -2.2493 0.85672 -0.0015876 0.016662 
341  0.014003 -1.8477 0.72455 0.0090705 0.016899 
342  0.0088018 -2.0516 0.80048 0.0046093 0.016802 
343  1.0000 1000.0 0.0000 2.4632 0.14253 
344  1.0000 1000.0 0.0000 1.6806 0.079325 
345  0.0098020 -2.0044 0.77982 0.0064070 0.016832 
346  0.0038008 -2.4185 0.87267 -0.00034045 0.016682 
347  0.045609 -1.3207 0.37878 0.042408 0.017851 
348  0.0040008 -2.3961 0.87200 0.00094149 0.016697 
349  0.013603 -1.8604 0.72889 -0.014901 0.016555 
350  0.037407 -1.4105 0.44879 -0.050534 0.016273 
351  0.0062012 -2.2048 0.84648 0.0014170 0.016723 
352  0.0060012 -2.2191 0.85079 0.0015101 0.016714 
353  0.0048010 -2.3166 0.86756 0.0012191 0.016706 
354  0.24305 -0.49337 0.095169 0.28753 0.025175 
355  0.036607 -1.4202 0.45643 0.027330 0.017360 
356  0.0086017 -2.0617 0.80339 -0.0038509 0.016642 
357  0.027606 -1.5468 0.52647 -0.028786 0.016413 
358  0.0056011 -2.2493 0.85672 0.00046552 0.016697 
359  0.0076015 -2.1158 0.81972 -0.0014517 0.016671 
360  0.0048010 -2.3166 0.86756 -0.0013314 0.016665 
361  0.018204 -1.7319 0.66248 -0.016565 0.016526 
362  0.028406 -1.5341 0.51474 -0.032239 0.016384 
363  0.0052010 -2.2816 0.86313 0.00083173 0.016698 
364  0.0064013 -2.1909 0.84273 -0.00012902 0.016691 
365  0.051810 -1.2625 0.33656 -0.073175 0.016082 
366  0.042208 -1.3559 0.40703 -0.059402 0.016206 
367  0.0054011 -2.2652 0.86000 -0.00068029 0.016679 
368  0.0064013 -2.1909 0.84273 -0.00077801 0.016679 
369  0.0074015 -2.1275 0.82415 -0.0052062 0.016628 
370  0.0094019 -2.0227 0.78829 0.00029897 0.016710 
371  0.0098020 -2.0044 0.77982 0.0057374 0.016829 
372  0.012202 -1.9082 0.75126 -0.0077465 0.016597 
373  0.0036007 -2.4420 0.87346 -5.1540e-05 0.016680 
374  0.010802 -1.9618 0.76573 0.0063315 0.016845 
375  0.0076015 -2.1158 0.81972 0.0017179 0.016723 
376  0.0086017 -2.0617 0.80339 -0.0038560 0.016642 
377  0.0070014 -2.1518 0.83144 0.0029430 0.016745 
378  0.0090018 -2.0417 0.79612 -0.0056400 0.016620 
379  0.0096019 -2.0135 0.78298 -0.0064859 0.016618 
380  0.0054011 -2.2652 0.86000 -0.00039019 0.016678 
381  0.99600 2.3961 0.00045204 1.1672 0.050684 
382  0.028006 -1.5404 0.51872 -0.033764 0.016391 
383  1.0000 1000.0 0.0000 1.4022 0.062159 
384  1.0000 1000.0 0.0000 2.0754 0.10710 
385  0.0054011 -2.2652 0.86000 -0.00094030 0.016679 
386  0.0062012 -2.2048 0.84648 0.00018049 0.016689 
387  0.0096019 -2.0135 0.78298 -0.0041093 0.016644 
388  0.0052010 -2.2816 0.86313 0.00076738 0.016720 
389  0.010602 -1.9700 0.76753 -0.0059533 0.016627 
390  0.0076015 -2.1158 0.81972 0.0030095 0.016751 
391  0.022805 -1.6320 0.60151 0.017719 0.017144 
392  0.016403 -1.7779 0.67881 0.011905 0.016993 
393  0.0058012 -2.2340 0.85399 -0.0012331 0.016667 
394  1.0000 1000.0 0.0000 1.3789 0.060847 
395  0.0076015 -2.1158 0.81972 -0.0041376 0.016642 
396  0.0064013 -2.1909 0.84273 0.00015523 0.016693 
397  0.0062012 -2.2048 0.84648 -0.0019067 0.016655 
398  0.013003 -1.8803 0.73774 0.0086200 0.016892 
399  0.0052010 -2.2816 0.86313 0.0022362 0.016728 
400  0.16503 -0.70410 0.11363 0.17692 0.021624 
401  0.0046009 -2.3352 0.86940 0.00071662 0.016698 
402  0.0086017 -2.0617 0.80339 0.0047065 0.016785 
403  0.0050010 -2.2988 0.86553 0.00043939 0.016706 
404  1.0000 1000.0 0.0000 1.6992 0.079613 
405  0.0060012 -2.2191 0.85079 -0.0013919 0.016670 
406  0.0052010 -2.2816 0.86313 0.00032574 0.016694 
407  0.0074015 -2.1275 0.82415 -0.0040101 0.016648 
408  0.0062012 -2.2048 0.84648 -0.0029140 0.016655 
409  0.058412 -1.2074 0.30514 -0.085414 0.016005 
410  0.0086017 -2.0617 0.80339 -0.0052391 0.016625 
411  0.016003 -1.7888 0.68722 -0.015066 0.016553 
412  0.0092018 -2.0321 0.79264 -0.0018726 0.016678 
413  0.010402 -1.9783 0.76975 0.0053240 0.016799 
414  0.024405 -1.6018 0.57122 -0.027244 0.016452 
415  0.0068014 -2.1644 0.83597 -0.0028898 0.016648 
416  0.014203 -1.8414 0.72200 -0.010863 0.016585 
417  0.023805 -1.6129 0.58331 -0.025191 0.016449 
418  0.53831 0.066678 0.033172 0.68145 0.037715 
419  0.0094019 -2.0227 0.78829 -0.0072239 0.016610 
420  1.0000 1000.0 0.0000 1.4128 0.063189 
421  0.026405 -1.5667 0.54478 -0.028532 0.016429 
422  0.0062012 -2.2048 0.84648 0.0011610 0.016707 
423  0.0074015 -2.1275 0.82415 -0.0031251 0.016646 
424  0.0058012 -2.2340 0.85399 0.0025337 0.016743 
425  0.017403 -1.7517 0.67176 -0.016072 0.016530 
426  0.0084017 -2.0720 0.80621 0.0011931 0.016710 
427  0.0066013 -2.1775 0.83857 0.0021241 0.016728 
428  0.039408 -1.3870 0.42449 0.053965 0.018654 
429  0.0096019 -2.0135 0.78298 -0.0081947 0.016603 
430  0.99940 3.2215 7.0982e-05 1.3645 0.060672 
431  1.0000 1000.0 0.0000 1.4198 0.063200 
432  0.012402 -1.9011 0.74867 -0.012186 0.016563 
433  0.0036007 -2.4420 0.87346 -0.00014131 0.016680 
434  0.030406 -1.5036 0.49817 -0.036266 0.016360 
435  0.0090018 -2.0417 0.79612 -0.0045431 0.016629 
436  1.0000 1000.0 0.0000 3.0157 0.20828 
437  1.0000 1000.0 0.0000 1.7400 0.082345 
438  0.0056011 -2.2493 0.85672 0.0022060 0.016730 
439  0.017403 -1.7517 0.67176 -0.017650 0.016515 
440  0.0052010 -2.2816 0.86313 0.0012427 0.016708 
441  0.0064013 -2.1909 0.84273 -0.0013064 0.016667 
442  0.0064013 -2.1909 0.84273 0.0032503 0.016760 
443  0.0094019 -2.0227 0.78829 -0.0065387 0.016620 
444  0.0056011 -2.2493 0.85672 -0.00032256 0.016683 
445  0.0084017 -2.0720 0.80621 0.0045291 0.016800 
446  0.0090018 -2.0417 0.79612 0.0024003 0.016738 
447  0.055811 -1.2283 0.31727 -0.085166 0.016012 
448  0.032807 -1.4696 0.48271 -0.045066 0.016309 
449  0.012803 -1.8871 0.74333 -0.011423 0.016571 
450  0.011802 -1.9229 0.75677 0.0069988 0.016850 
451  0.0048010 -2.3166 0.86756 -0.0015540 0.016663 
452  0.0058012 -2.2340 0.85399 0.0023032 0.016735 
453  0.014603 -1.8292 0.71407 -0.011986 0.016566 
454  0.011602 -1.9304 0.75919 0.0067082 0.016838 
455  0.0082016 -2.0825 0.80925 -0.0043954 0.016637 
456  0.98800 1.9155 0.0012654 1.2670 0.055933 
457  0.99080 2.0321 0.00092549 1.3267 0.058874 
458  0.0084017 -2.0720 0.80621 0.0035668 0.016762 
459  1.0000 1000.0 0.0000 1.4394 0.064047 
460  0.40908 -0.15972 0.061201 0.48795 0.031138 
461  0.014403 -1.8353 0.72006 0.0075053 0.016901 
462  1.0000 1000.0 0.0000 1.8302 0.088493 
463  0.0052010 -2.2816 0.86313 0.00016312 0.016687 
464  1.0000 1000.0 0.0000 2.7383 0.17303 
465  0.013603 -1.8604 0.72889 -0.013014 0.016558 
466  0.0058012 -2.2340 0.85399 -2.3540e-05 0.016690 
467  0.0050010 -2.2988 0.86553 -0.0019265 0.016661 
468  0.029806 -1.5126 0.50660 -0.033493 0.016383 
469  0.0068014 -2.1644 0.83597 -0.0041938 0.016631 
470  0.0048010 -2.3166 0.86756 0.00054118 0.016695 
471  1.0000 1000.0 0.0000 1.7737 0.084368 
472  0.019804 -1.6946 0.63900 -0.021399 0.016480 
473  0.0080016 -2.0933 0.81133 -0.0015866 0.016677 
474  0.044409 -1.3328 0.39165 0.038582 0.017706 
475  0.99980 3.6988 1.4548e-05 1.3613 0.060007 
476  0.0046009 -2.3352 0.86940 -0.00096275 0.016672 
477  0.021204 -1.6643 0.62180 -0.020966 0.016489 
478  0.0036007 -2.4420 0.87346 -0.00071698 0.016674 
479  0.0072014 -2.1394 0.82860 -0.0016231 0.016658 
480  0.0042008 -2.3748 0.87078 0.0011349 0.016706 
481  0.0040008 -2.3961 0.87200 0.00048838 0.016692 
482  0.034007 -1.4534 0.47812 -0.045367 0.016307 
483  0.0070014 -2.1518 0.83144 -0.00010297 0.016702 
484  0.0058012 -2.2340 0.85399 0.0029735 0.016754 
485  0.010002 -1.9955 0.77490 -0.0065825 0.016614 
486  0.0096019 -2.0135 0.78298 -0.0039929 0.016654 
487  0.0058012 -2.2340 0.85399 0.0030352 0.016755 
488  0.013603 -1.8604 0.72889 0.0078410 0.016871 
489  0.014803 -1.8232 0.70923 -0.012048 0.016561 
490  0.0044009 -2.3545 0.87009 0.00069599 0.016695 
491  0.99740 2.5838 0.00029869 1.3208 0.058335 
492  0.013603 -1.8604 0.72889 -0.011887 0.016571 
493  0.99940 3.2215 7.0982e-05 1.3280 0.058575 
494  0.0064013 -2.1909 0.84273 0.0020312 0.016722 
495  0.0056011 -2.2493 0.85672 -0.0023306 0.016660 
496  0.012803 -1.8871 0.74333 -0.011038 0.016573 
497  0.0054011 -2.2652 0.86000 -0.0012021 0.016672 
498  0.012402 -1.9011 0.74867 -0.010955 0.016574 
499  0.0054011 -2.2652 0.86000 0.0012890 0.016717 
500  0.0044009 -2.3545 0.87009 0.00036909 0.016689 
501  0.012002 -1.9155 0.75379 -0.0087016 0.016600 
502  0.0078016 -2.1044 0.81478 -0.0043055 0.016643 
503  0.016203 -1.7833 0.68223 -0.015364 0.016528 
504  0.017403 -1.7517 0.67176 -0.018146 0.016515 
505  0.019404 -1.7036 0.64754 -0.021090 0.016501 
506  1.0000 1000.0 0.0000 1.8980 0.093440 
507  0.027606 -1.5468 0.52647 0.022786 0.017259 
508  0.0058012 -2.2340 0.85399 -0.00071885 0.016674 
509  0.042809 -1.3495 0.39790 -0.059315 0.016206 
510  0.014203 -1.8414 0.72200 -0.010508 0.016570 
511  0.027806 -1.5436 0.52263 -0.033561 0.016395 
512  0.0078016 -2.1044 0.81478 -0.0037161 0.016648 
513  0.082817 -1.0443 0.21192 0.094268 0.019481 
514  0.0096019 -2.0135 0.78298 -0.0085900 0.016595 
515  0.011602 -1.9304 0.75919 0.0076047 0.016875 
516  0.0060012 -2.2191 0.85079 0.00038824 0.016697 
517  0.014403 -1.8353 0.72006 -0.011131 0.016565 
518  0.0080016 -2.0933 0.81133 -0.0034976 0.016639 
519  0.020604 -1.6770 0.63231 -0.020234 0.016487 
520  0.0092018 -2.0321 0.79264 -0.0053238 0.016625 
521  0.0056011 -2.2493 0.85672 0.0025613 0.016737 
522  0.049210 -1.2860 0.35126 -0.073430 0.016102 
523  0.0074015 -2.1275 0.82415 0.0013665 0.016720 
524  0.19044 -0.62850 0.10133 -0.35130 0.014130 
525  0.0092018 -2.0321 0.79264 -0.0067296 0.016611 
526  0.0098020 -2.0044 0.77982 -0.0070141 0.016608 
527  0.0066013 -2.1775 0.83857 -0.0037785 0.016638 
528  0.0052010 -2.2816 0.86313 0.00073121 0.016701 
529  0.043009 -1.3474 0.39480 0.042167 0.017852 
530  0.0064013 -2.1909 0.84273 -0.0011448 0.016685 
531  0.0076015 -2.1158 0.81972 -0.0035858 0.016647 
532  0.0066013 -2.1775 0.83857 -0.0036079 0.016647 
533  0.015603 -1.8000 0.69441 -0.016925 0.016537 
534  0.0048010 -2.3166 0.86756 0.00030301 0.016690 
535  0.020804 -1.6727 0.62888 -0.022079 0.016474 
536  0.025805 -1.5769 0.55675 -0.030995 0.016413 
537  0.056411 -1.2234 0.30924 -0.088638 0.015999 
538  0.0072014 -2.1394 0.82860 0.0011415 0.016707 
539  0.0040008 -2.3961 0.87200 -0.0014379 0.016664 
540  0.0092018 -2.0321 0.79264 -0.0062941 0.016611 
541  0.0064013 -2.1909 0.84273 0.0039076 0.016770 
542  0.0056011 -2.2493 0.85672 -0.00057855 0.016678 
543  0.022004 -1.6478 0.61193 0.017512 0.017128 
544  0.049210 -1.2860 0.35126 -0.078546 0.016079 
545  0.0078016 -2.1044 0.81478 -0.0011411 0.016684 
546  0.019604 -1.6991 0.64225 -0.019012 0.016499 
547  0.025005 -1.5910 0.56809 -0.026974 0.016439 
548  0.0052010 -2.2816 0.86313 0.0012124 0.016712 
549  0.25585 -0.46367 0.089363 0.30146 0.025497 
550  0.014803 -1.8232 0.70923 -0.014057 0.016542 
551  0.039608 -1.3847 0.41879 -0.052693 0.016244 
552  0.0092018 -2.0321 0.79264 -0.0055893 0.016626 
553  0.0072014 -2.1394 0.82860 -0.0022469 0.016659 
554  0.0042008 -2.3748 0.87078 -0.00044195 0.016677 
555  0.44769 -0.091206 0.051623 0.56956 0.034259 
556  0.0074015 -2.1275 0.82415 -0.0043685 0.016636 
557  0.021004 -1.6685 0.62537 -0.021000 0.016491 
558  0.0092018 -2.0321 0.79264 -0.0072837 0.016615 
559  0.023605 -1.6166 0.58909 -0.025061 0.016456 
560  0.0086017 -2.0617 0.80339 0.0028355 0.016757 
561  0.045209 -1.3247 0.38528 0.037981 0.017645 
562  0.012803 -1.8871 0.74333 -0.010771 0.016575 
563  0.0042008 -2.3748 0.87078 0.00095911 0.016701 
564  0.13043 -0.82394 0.13211 0.14857 0.020967 
565  0.0090018 -2.0417 0.79612 -0.0065295 0.016616 
566  0.015203 -1.8114 0.70052 -0.014292 0.016550 
567  0.054611 -1.2383 0.32512 0.046335 0.017857 
568  0.0072014 -2.1394 0.82860 0.0030624 0.016766 
569  0.0054011 -2.2652 0.86000 -0.0012316 0.016672 
570  0.0074015 -2.1275 0.82415 -0.0014333 0.016675 
571  0.014803 -1.8232 0.70923 -0.011635 0.016575 
572  0.99500 2.2988 0.00055707 1.3168 0.058404 
573  0.014803 -1.8232 0.70923 -0.013845 0.016547 
574  0.017403 -1.7517 0.67176 -0.018342 0.016517 
575  0.025805 -1.5769 0.55675 -0.026151 0.016446 
576  0.013603 -1.8604 0.72889 -0.012368 0.016564 
577  0.0056011 -2.2493 0.85672 -0.0021281 0.016658 
578  0.99940 3.2215 7.0982e-05 1.5532 0.071438 
579  0.99980 3.6988 1.4548e-05 1.4317 0.063752 
580  0.0076015 -2.1158 0.81972 0.0034242 0.016763 
581  0.016803 -1.7672 0.67795 -0.018067 0.016524 
582  0.014803 -1.8232 0.70923 -0.015336 0.016548 
583  0.035807 -1.4302 0.46386 0.035732 0.017677 
584  0.058412 -1.2074 0.30514 0.055920 0.018227 
585  0.023205 -1.6242 0.59471 -0.023133 0.016472 
586  0.081616 -1.0512 0.21711 -0.13399 0.015670 
587  0.0068014 -2.1644 0.83597 0.0029403 0.016747 
588  0.0052010 -2.2816 0.86313 -0.00038970 0.016678 
589  0.0070014 -2.1518 0.83144 0.0012199 0.016718 
590  0.0068014 -2.1644 0.83597 -0.00065925 0.016678 
591  0.99960 3.3977 3.4490e-05 1.5177 0.069225 
592  0.0056011 -2.2493 0.85672 -0.0019056 0.016666 
593  0.0098020 -2.0044 0.77982 0.0042792 0.016802 
594  0.023605 -1.6166 0.58909 -0.024295 0.016456 
595  0.012202 -1.9082 0.75126 -0.011804 0.016571 
596  0.020204 -1.6857 0.63569 -0.019527 0.016498 
597  0.017003 -1.7620 0.67708 -0.017722 0.016515 
598  0.025205 -1.5874 0.56491 -0.027276 0.016432 
599  0.88618 0.89129 0.0067024 1.0408 0.047179 
600  0.026805 -1.5600 0.53763 0.025419 0.017437 
601  0.0072014 -2.1394 0.82860 -0.0031620 0.016653 
602  0.047009 -1.3069 0.36874 -0.066019 0.016145 
603  0.0046009 -2.3352 0.86940 0.0014755 0.016711 
604  0.0068014 -2.1644 0.83597 -0.0038468 0.016635 
605  0.0080016 -2.0933 0.81133 0.0034608 0.016763 
606  0.0058012 -2.2340 0.85399 0.0017668 0.016729 
607  0.081416 -1.0524 0.22223 0.079407 0.018822 
608  0.019404 -1.7036 0.64754 -0.021538 0.016498 
609  0.045409 -1.3227 0.38205 0.052454 0.018325 
610  0.0082016 -2.0825 0.80925 -0.0022896 0.016652 
611  0.0050010 -2.2988 0.86553 -8.8785e-05 0.016681 
612  0.023805 -1.6129 0.58331 -0.025127 0.016447 
613  0.035007 -1.4404 0.47109 -0.041342 0.016315 
614  0.99900 2.9995 0.00011387 1.2709 0.055703 
615  0.0072014 -2.1394 0.82860 0.0030422 0.016749 
616  0.0082016 -2.0825 0.80925 -0.0047326 0.016631 
617  0.0074015 -2.1275 0.82415 0.0038289 0.016769 
618  0.0050010 -2.2988 0.86553 0.0010027 0.016702 
619  0.012603 -1.8940 0.74495 0.0088863 0.016900 
620  0.0060012 -2.2191 0.85079 -0.0020962 0.016659 
621  0.0094019 -2.0227 0.78829 0.0021688 0.016746 
622  0.0046009 -2.3352 0.86940 0.0015531 0.016714 
623  0.022805 -1.6320 0.60151 -0.021858 0.016482 
624  0.0062012 -2.2048 0.84648 0.0020276 0.016724 
625  0.022204 -1.6438 0.60938 -0.021672 0.016474 
626  1.0000 1000.0 0.0000 2.9973 0.20582 
627  0.054811 -1.2367 0.32122 0.057718 0.018318 
628  0.0050010 -2.2988 0.86553 0.00073200 0.016698 
629  0.042208 -1.3559 0.40703 -0.060741 0.016198 
630  0.019404 -1.7036 0.64754 -0.020021 0.016496 
631  0.035207 -1.4378 0.46630 -0.045656 0.016285 
632  0.0068014 -2.1644 0.83597 0.00074272 0.016712 
633  0.0074015 -2.1275 0.82415 -0.0026925 0.016656 
634  0.0088018 -2.0516 0.80048 -0.0044717 0.016641 
635  0.020604 -1.6770 0.63231 -0.023525 0.016474 
636  0.0082016 -2.0825 0.80925 0.0018543 0.016730 
637  0.019004 -1.7128 0.65267 0.018317 0.017216 
638  0.012402 -1.9011 0.74867 -0.0082147 0.016595 
639  0.071814 -1.1114 0.23237 -0.11140 0.015812 
640  0.0056011 -2.2493 0.85672 0.0019971 0.016723 
641  0.0040008 -2.3961 0.87200 0.00060852 0.016692 
642  0.017203 -1.7568 0.67266 -0.015731 0.016526 
643  0.063413 -1.1694 0.26601 -0.095935 0.015942 
644  0.014403 -1.8353 0.72006 -0.013451 0.016557 
645  0.015603 -1.8000 0.69441 -0.013504 0.016552 
646  0.0082016 -2.0825 0.80925 -0.0046950 0.016632 
647  0.91978 1.0594 0.0055628 1.0577 0.047367 
648  0.0098020 -2.0044 0.77982 0.0045805 0.016794 
649  0.0068014 -2.1644 0.83597 -0.0026546 0.016651 
650  0.056211 -1.2251 0.31328 -0.078524 0.016043 
651  1.0000 1000.0 0.0000 2.1933 0.11669 
652  0.0068014 -2.1644 0.83597 -0.00091066 0.016677 
653  0.0076015 -2.1158 0.81972 -0.0026389 0.016656 
654  0.92238 1.0750 0.0047601 1.1086 0.049678 
655  0.0080016 -2.0933 0.81133 -0.0017195 0.016673 
656  0.025405 -1.5839 0.56330 -0.029652 0.016426 
657  0.022605 -1.6359 0.60284 -0.025097 0.016460 
658  0.050210 -1.2768 0.34399 0.048960 0.018037 
659  0.011802 -1.9229 0.75677 -0.010554 0.016579 
660  0.0062012 -2.2048 0.84648 -0.0014737 0.016662 
661  0.0050010 -2.2988 0.86553 0.0011768 0.016707 
662  0.010402 -1.9783 0.76975 -0.0070860 0.016608 
663  1.0000 1000.0 0.0000 2.5022 0.14674 
664  0.013003 -1.8803 0.73774 -0.011428 0.016569 
665  0.0060012 -2.2191 0.85079 -0.0022657 0.016652 
666  0.10362 -0.93705 0.16787 0.10929 0.019734 
667  0.0054011 -2.2652 0.86000 0.0019066 0.016721 
668  0.025605 -1.5804 0.56005 0.021523 0.017271 
669  0.019404 -1.7036 0.64754 -0.019184 0.016512 
670  0.0076015 -2.1158 0.81972 -0.0028139 0.016654 
671  0.0094019 -2.0227 0.78829 -0.0059922 0.016623 
672  0.99860 2.8532 0.00014928 1.4460 0.065294 
673  0.010202 -1.9869 0.77278 -0.0042141 0.016659 
674  0.014403 -1.8353 0.72006 -0.011028 0.016571 
675  0.0072014 -2.1394 0.82860 -0.0028060 0.016651 
676  0.018804 -1.7175 0.65367 -0.016820 0.016520 
677  0.0062012 -2.2048 0.84648 0.0014786 0.016710 
678  0.0078016 -2.1044 0.81478 -0.0015719 0.016668 
679  0.0052010 -2.2816 0.86313 -0.00038265 0.016679 
680  0.0058012 -2.2340 0.85399 -0.00077661 0.016675 
681  0.021204 -1.6643 0.62180 -0.023623 0.016472 
682  0.99980 3.6988 1.4548e-05 1.5462 0.071049 
683  0.034207 -1.4508 0.47580 -0.038808 0.016336 
684  0.0064013 -2.1909 0.84273 0.0022812 0.016734 
685  0.025805 -1.5769 0.55675 -0.031463 0.016406 
686  0.014803 -1.8232 0.70923 -0.012641 0.016555 
687  0.0070014 -2.1518 0.83144 -0.0043906 0.016632 
688  0.013003 -1.8803 0.73774 0.0079666 0.016880 
689  0.029206 -1.5217 0.51273 -0.032960 0.016400 
690  0.0060012 -2.2191 0.85079 -0.0034743 0.016641 
691  0.0082016 -2.0825 0.80925 0.0033044 0.016772 
692  0.025005 -1.5910 0.56809 -0.026348 0.016437 
693  0.0052010 -2.2816 0.86313 -0.00041471 0.016681 
694  0.0084017 -2.0720 0.80621 -0.0042125 0.016642 
695  0.93019 1.1246 0.0039682 1.1503 0.051532 
696  0.0076015 -2.1158 0.81972 -0.0031550 0.016649 
697  0.016003 -1.7888 0.68722 -0.015576 0.016538 
698  0.0048010 -2.3166 0.86756 -0.00049932 0.016676 
699  0.99040 2.0135 0.0010288 1.2889 0.057043 
700  0.036207 -1.4252 0.45893 -0.042672 0.016315 
701  0.0078016 -2.1044 0.81478 -0.0046409 0.016634 
702  1.0000 1000.0 0.0000 1.9578 0.097792 
703  0.0082016 -2.0825 0.80925 -0.0048568 0.016632 
704  0.0068014 -2.1644 0.83597 0.0014578 0.016717 
705  0.015803 -1.7943 0.69046 -0.015821 0.016535 
706  0.011602 -1.9304 0.75919 0.0088275 0.016912 
707  0.014603 -1.8292 0.71407 -0.013132 0.016564 
708  0.0048010 -2.3166 0.86756 -0.0018374 0.016659 
709  0.0070014 -2.1518 0.83144 -0.0020570 0.016662 
710  0.0066013 -2.1775 0.83857 -0.00046750 0.016681 
711  0.021804 -1.6519 0.61569 -0.022592 0.016478 
712  0.98360 1.7779 0.0015844 1.3551 0.061001 
713  1.0000 1000.0 0.0000 1.8378 0.089192 
714  0.0064013 -2.1909 0.84273 -0.0032312 0.016660 
715  0.0096019 -2.0135 0.78298 -0.0056239 0.016622 
716  0.011802 -1.9229 0.75677 -0.0085093 0.016602 
717  0.0070014 -2.1518 0.83144 0.0020230 0.016740 
718  0.0054011 -2.2652 0.86000 -0.00035467 0.016680 
719  0.011202 -1.9458 0.76203 0.0054094 0.016831 
720  0.0048010 -2.3166 0.86756 -0.00011540 0.016680 
721  0.11602 -0.88190 0.14425 -0.20192 0.015188 
722  0.015603 -1.8000 0.69441 0.010167 0.016926 
723  0.0094019 -2.0227 0.78829 0.0048839 0.016798 
724  0.019804 -1.6946 0.63900 0.015139 0.017061 
725  0.0062012 -2.2048 0.84648 -0.0026885 0.016651 
726  0.94959 1.2750 0.0021330 1.4635 0.069008 
727  0.018604 -1.7222 0.65468 -0.018745 0.016510 
728  0.060812 -1.1888 0.27955 -0.096775 0.015949 
729  0.0054011 -2.2652 0.86000 -0.0028686 0.016649 
730  0.021204 -1.6643 0.62180 -0.021969 0.016478 
731  0.0066013 -2.1775 0.83857 -0.00094281 0.016680 
732  0.085017 -1.0319 0.20665 0.084543 0.019004 
733  1.0000 1000.0 0.0000 1.5742 0.072036 
734  0.034807 -1.4429 0.47345 -0.047670 0.016288 
735  0.025805 -1.5769 0.55675 0.019377 0.017175 
736  0.040408 -1.3756 0.41297 0.036745 0.017654 
737  0.010202 -1.9869 0.77278 -0.0082347 0.016604 
738  0.0046009 -2.3352 0.86940 -0.0011033 0.016681 
739  0.022204 -1.6438 0.60938 -0.029658 0.016447 
740  0.0060012 -2.2191 0.85079 -0.0021577 0.016657 
741  0.013003 -1.8803 0.73774 -0.010872 0.016574 
742  0.0068014 -2.1644 0.83597 -0.0022482 0.016657 
743  0.091418 -0.99733 0.18493 0.10939 0.020024 
744  0.0072014 -2.1394 0.82860 0.0017603 0.016725 
745  0.0060012 -2.2191 0.85079 -0.0031984 0.016646 
746  0.021804 -1.6519 0.61569 0.016230 0.017088 
747  1.0000 1000.0 0.0000 2.6053 0.15798 
748  0.0068014 -2.1644 0.83597 -0.0030268 0.016652 
749  0.011402 -1.9380 0.76062 -0.0092517 0.016593 
750  0.046009 -1.3167 0.37212 -0.063101 0.016159 
751  0.0078016 -2.1044 0.81478 -0.0038330 0.016638 
752  0.99900 2.9995 0.00011387 1.3333 0.058793 
753  0.0076015 -2.1158 0.81972 0.0037899 0.016766 
754  0.99300 2.1518 0.00063763 1.3448 0.059795 
755  0.028006 -1.5404 0.51872 0.023589 0.017302 
756  0.10382 -0.93611 0.16209 -0.17110 0.015373 
757  0.61252 0.19888 0.020658 0.78828 0.041169 
758  0.0052010 -2.2816 0.86313 -0.00040856 0.016686 
759  0.0060012 -2.2191 0.85079 0.0022285 0.016724 
760  0.014603 -1.8292 0.71407 -0.013942 0.016547 
761  1.0000 1000.0 0.0000 1.7699 0.085230 
762  0.0092018 -2.0321 0.79264 -0.0057352 0.016622 
763  0.0082016 -2.0825 0.80925 -0.0051432 0.016629 
764  1.0000 1000.0 0.0000 2.4316 0.13958 
765  0.019604 -1.6991 0.64225 -0.020185 0.016492 
766  0.087217 -1.0198 0.19593 0.10002 0.019692 
767  0.0044009 -2.3545 0.87009 0.00089524 0.016697 
768  0.0042008 -2.3748 0.87078 -0.0011269 0.016671 
769  0.020604 -1.6770 0.63231 -0.021757 0.016485 
770  0.99840 2.7951 0.00021147 1.2782 0.055978 
771  0.011002 -1.9537 0.76297 -0.0040811 0.016641 
772  0.011402 -1.9380 0.76062 -0.010831 0.016579 
773  0.026405 -1.5667 0.54478 -0.027505 0.016437 
774  0.017403 -1.7517 0.67176 -0.016744 0.016533 
775  0.059812 -1.1964 0.28829 0.052945 0.018063 
776  0.047610 -1.3011 0.35837 0.049322 0.018129 
777  0.0046009 -2.3352 0.86940 -0.0019148 0.016657 
778  0.0056011 -2.2493 0.85672 -0.00027889 0.016682 
779  0.0048010 -2.3166 0.86756 5.6329e-05 0.016682 
780  0.0074015 -2.1275 0.82415 -0.0035838 0.016639 
781  0.0080016 -2.0933 0.81133 -0.0058384 0.016621 
782  0.020804 -1.6727 0.62888 0.020437 0.017264 
783  0.0090018 -2.0417 0.79612 0.0038874 0.016764 
784  0.022004 -1.6478 0.61193 -0.024608 0.016467 
785  0.0074015 -2.1275 0.82415 0.0033848 0.016758 
786  0.0052010 -2.2816 0.86313 0.00026550 0.016691 
787  0.012402 -1.9011 0.74867 -0.0096291 0.016583 
788  0.029806 -1.5126 0.50660 0.029885 0.017587 
789  0.023805 -1.6129 0.58331 -0.025356 0.016451 
790  0.019404 -1.7036 0.64754 -0.019948 0.016501 
791  0.013603 -1.8604 0.72889 -0.012057 0.016567 
792  0.99840 2.7951 0.00021147 1.4623 0.066193 
793  0.0040008 -2.3961 0.87200 -0.00043282 0.016684 
794  0.99700 2.5215 0.00040534 1.2345 0.054049 
795  0.0086017 -2.0617 0.80339 0.0039130 0.016767 
796  0.0062012 -2.2048 0.84648 -0.00076457 0.016675 
797  0.041408 -1.3645 0.41001 -0.054200 0.016229 
798  0.059012 -1.2026 0.29682 0.057134 0.018233 
799  0.0062012 -2.2048 0.84648 0.0017662 0.016729 
800  0.0050010 -2.2988 0.86553 -0.0016547 0.016670 
801  0.030606 -1.5007 0.49602 -0.034795 0.016380 
802  0.0094019 -2.0227 0.78829 -0.0058185 0.016626 
803  0.25825 -0.45821 0.083569 -0.45381 0.013287 
804  0.016203 -1.7833 0.68223 -0.014601 0.016551 
805  0.0046009 -2.3352 0.86940 0.0012424 0.016704 
806  0.012803 -1.8871 0.74333 -0.0093692 0.016603 
807  0.012202 -1.9082 0.75126 0.0082344 0.016920 
808  0.0088018 -2.0516 0.80048 0.0018009 0.016733 
809  0.012603 -1.8940 0.74495 -0.0098401 0.016585 
810  1.0000 1000.0 0.0000 2.8965 0.19271 
811  0.0074015 -2.1275 0.82415 -0.0039691 0.016638 
812  0.0098020 -2.0044 0.77982 -0.0049655 0.016632 
813  0.036807 -1.4178 0.45137 -0.044980 0.016293 
814  0.0060012 -2.2191 0.85079 -0.0032200 0.016655 
815  0.050210 -1.2768 0.34399 0.051065 0.018115 
816  0.033407 -1.4614 0.48043 -0.049018 0.016294 
817  0.79316 0.58372 0.010239 0.86598 0.040930 
818  0.025405 -1.5839 0.56330 0.019631 0.017190 
819  0.018404 -1.7270 0.65863 -0.018052 0.016506 
820  0.038608 -1.3962 0.43284 -0.043792 0.016286 
821  0.15603 -0.73311 0.11977 0.16744 0.021347 
822  0.0098020 -2.0044 0.77982 -0.0079462 0.016596 
823  0.0044009 -2.3545 0.87009 0.00079674 0.016697 
824  0.016003 -1.7888 0.68722 -0.014666 0.016552 
825  0.0046009 -2.3352 0.86940 0.00070958 0.016696 
826  0.027005 -1.5567 0.53581 -0.029636 0.016422 
827  0.010202 -1.9869 0.77278 -0.0061830 0.016614 
828  0.0084017 -2.0720 0.80621 -0.0014776 0.016683 
829  0.027005 -1.5567 0.53581 -0.032903 0.016400 
830  0.0088018 -2.0516 0.80048 -0.0043469 0.016637 
831  0.0062012 -2.2048 0.84648 -0.00078746 0.016697 
832  0.037608 -1.4081 0.44620 0.045024 0.018189 
833  0.014403 -1.8353 0.72006 -0.011381 0.016574 
834  0.016203 -1.7833 0.68223 -0.017114 0.016527 
835  0.011002 -1.9537 0.76297 -0.0055753 0.016618 
836  0.062613 -1.1753 0.27057 0.060932 0.018349 
837  0.0062012 -2.2048 0.84648 0.0031616 0.016753 
838  0.045809 -1.3187 0.37547 -0.068295 0.016144 
839  0.015003 -1.8173 0.70421 -0.013896 0.016545 
840  0.013403 -1.8669 0.73131 -0.0090618 0.016592 
841  0.0050010 -2.2988 0.86553 0.00078436 0.016699 
842  0.0062012 -2.2048 0.84648 -0.0015024 0.016664 
843  0.017804 -1.7417 0.66626 -0.018377 0.016519 
844  0.030006 -1.5096 0.50242 -0.037008 0.016360 
845  1.0000 1000.0 0.0000 2.3471 0.13104 
846  0.0054011 -2.2652 0.86000 -0.0033003 0.016645 
847  0.012402 -1.9011 0.74867 0.0082421 0.016906 
848  0.0054011 -2.2652 0.86000 -0.00067212 0.016680 
849  0.10482 -0.93146 0.15622 -0.17908 0.015339 
850  0.012803 -1.8871 0.74333 0.0073031 0.016851 
851  0.0070014 -2.1518 0.83144 -0.0010914 0.016668 
852  0.68954 0.34655 0.013303 0.86606 0.043176 
853  0.0078016 -2.1044 0.81478 0.0041537 0.016775 
854  0.0050010 -2.2988 0.86553 -0.0013183 0.016666 
855  0.023605 -1.6166 0.58909 -0.025212 0.016454 
856  0.0060012 -2.2191 0.85079 0.0015502 0.016714 
857  0.010202 -1.9869 0.77278 0.0042323 0.016786 
858  0.010802 -1.9618 0.76573 -0.0088824 0.016600 
859  0.99580 2.3748 0.00050010 1.3982 0.062868 
860  0.010202 -1.9869 0.77278 0.0023196 0.016760 
861  0.018204 -1.7319 0.66248 -0.015797 0.016527 
862  0.017804 -1.7417 0.66626 -0.016791 0.016521 
863  0.0070014 -2.1518 0.83144 -0.0017534 0.016666 
864  0.0098020 -2.0044 0.77982 -0.0055571 0.016623 
865  0.0056011 -2.2493 0.85672 -0.00090484 0.016675 
866  0.019204 -1.7082 0.64961 0.014132 0.017033 
867  0.0084017 -2.0720 0.80621 -0.0036708 0.016638 
868  0.99880 2.9202 0.00013033 1.3008 0.057264 
869  0.011802 -1.9229 0.75677 -0.010220 0.016591 
870  0.0068014 -2.1644 0.83597 -0.0031526 0.016650 
871  0.047209 -1.3050 0.36532 -0.053684 0.016200 
872  0.011802 -1.9229 0.75677 -0.0084171 0.016592 
873  0.054411 -1.2400 0.32898 0.050078 0.018011 
874  0.0050010 -2.2988 0.86553 -0.00061940 0.016675 
875  0.99980 3.6988 1.4548e-05 1.3775 0.061063 
876  0.059012 -1.2026 0.29682 -0.088593 0.015991 
877  0.0048010 -2.3166 0.86756 -0.00090498 0.016671 
878  0.015203 -1.8114 0.70052 -0.013011 0.016562 
879  0.0068014 -2.1644 0.83597 -0.0014147 0.016666 
880  0.024205 -1.6055 0.57277 -0.027399 0.016440 
881  0.095419 -0.97681 0.17363 0.11753 0.020287 
882  0.0040008 -2.3961 0.87200 -0.00013731 0.016681 
883  0.0052010 -2.2816 0.86313 0.00048936 0.016695 
884  0.023805 -1.6129 0.58331 -0.025506 0.016442 
885  0.11042 -0.90613 0.15026 -0.18640 0.015272 
886  0.026605 -1.5633 0.53944 -0.028743 0.016419 
887  0.0060012 -2.2191 0.85079 -0.0022770 0.016656 
888  0.0062012 -2.2048 0.84648 -0.0017388 0.016661 
889  0.016003 -1.7888 0.68722 -0.011359 0.016564 
890  0.0064013 -2.1909 0.84273 0.00098971 0.016706 
891  0.0082016 -2.0825 0.80925 -0.0045830 0.016637 
892  0.015803 -1.7943 0.69046 -0.012030 0.016573 
893  0.56351 0.11093 0.024775 0.59738 0.033139 
894  0.0088018 -2.0516 0.80048 -0.0016019 0.016670 
895  0.0064013 -2.1909 0.84273 -0.0014245 0.016671 
896  0.010802 -1.9618 0.76573 -0.0081639 0.016597 
897  1.0000 1000.0 0.0000 1.9857 0.099454 
898  0.0038008 -2.4185 0.87267 2.1440e-05 0.016686 
899  1.0000 1000.0 0.0000 3.0809 0.21741 
900  1.0000 1000.0 0.0000 1.5416 0.069936 
901  0.011602 -1.9304 0.75919 -0.010573 0.016583 
902  0.0074015 -2.1275 0.82415 0.0032061 0.016750 
903  0.010802 -1.9618 0.76573 -0.0081820 0.016608 
904  0.021804 -1.6519 0.61569 0.019625 0.017214 
905  0.022805 -1.6320 0.60151 -0.025943 0.016458 
906  0.0066013 -2.1775 0.83857 -0.0027070 0.016647 
907  0.98960 1.9783 0.0011391 1.2263 0.053870 
908  0.0036007 -2.4420 0.87346 0.00048260 0.016689 
909  0.014003 -1.8477 0.72455 0.011814 0.017019 
910  0.092018 -0.99420 0.17932 -0.14702 0.015552 
911  0.0060012 -2.2191 0.85079 0.0020437 0.016729 
912  0.0058012 -2.2340 0.85399 -0.0022099 0.016654 
913  0.99760 2.6187 0.00026672 1.4366 0.064711 
914  0.030806 -1.4978 0.49384 -0.037288 0.016364 
915  0.0054011 -2.2652 0.86000 -0.0010280 0.016680 
916  1.0000 1000.0 0.0000 2.4110 0.13725 
917  0.0066013 -2.1775 0.83857 -3.5417e-05 0.016696 
918  0.022805 -1.6320 0.60151 -0.023530 0.016472 
919  0.0046009 -2.3352 0.86940 -0.00099010 0.016671 
920  0.053811 -1.2451 0.33279 0.054199 0.018218 
921  0.0070014 -2.1518 0.83144 -0.0017591 0.016671 
922  0.0062012 -2.2048 0.84648 -0.0022028 0.016662 
923  0.99800 2.6980 0.00023667 1.3740 0.061118 
924  0.0056011 -2.2493 0.85672 8.7161e-05 0.016688 
925  0.038408 -1.3986 0.43826 -0.049883 0.016265 
926  0.024005 -1.6091 0.57584 -0.028552 0.016441 
927  0.010002 -1.9955 0.77490 -0.0048324 0.016627 
928  0.022805 -1.6320 0.60151 -0.026258 0.016445 
929  0.013003 -1.8803 0.73774 -0.010068 0.016582 
930  0.0054011 -2.2652 0.86000 0.0021690 0.016732 
931  0.060812 -1.1888 0.27955 0.054213 0.018123 
932  0.015603 -1.8000 0.69441 0.010663 0.016947 
933  0.0060012 -2.2191 0.85079 0.0014872 0.016731 
934  0.0058012 -2.2340 0.85399 -0.00025012 0.016682 
935  0.0040008 -2.3961 0.87200 0.0012420 0.016705 
